3432
3789
4012
4161
3436
3559
4162
3551
4019
3780
3607
3746
3541
3509
4061
3541
4097
3675
3558
3588
3491
3953
4037
3535
3373
3905
3504
3319
4011
4206
4705
3568
4085
3974
4415
4117
4411
3591
4017
3802
4184
3488
3643
3663
4137
4120
3500
3417
3352
3545
3879
3941
4301
4545
3807
4253
3964
3654
3781
3660
3709
3459
3762
3569
3426
3884
3720
3784
3730
3464
3434
3479
3618
3480
3823
3870
3803
3959
3681
3962
3590
3288
3480
4145
3538
3568
3625
4296
3783
3651
3515
3747
3596
3775
3636
3788
3826
3685
3872
3707
3737
4742
3600
3689
4042
3728
3378
4231
3904
3637
3770
3744
3314
3828
3653
4054
3781
3878
3659
3624
3521
3797
4171
3618
3734
3674
3464
3273
4351
4334
3353
4206
3476
3893
3606
3841
4765
3808
3548
3827
3673
3380
4183
3589
3721
4346
3668
3983
3937
4932
4039
3359
4313
3718
4008
3924
3687
3802
3963
3947
3623
3380
4368
3422
3590
3857
3384
4093
3778
3377
3823
3356
4143
3363
4047
3978
3585
4746
3175
3840
3736
3695
4171
3791
3673
3619
3793
3381
3345
3518
3564
3314
4465
3546
4118
3478
3795
3718
3761
4294
3971
3943
3944
3722
3699
3479
3537
3609
4181
3934
3552
3510
3636
3877
3959
3927
3910
3411
4020
4371
3528
3637
3497
4067
3562
3460
3571
3602
3816
3858
3338
3595
3797
3788
4490
4512
4129
3564
4054
3390
3618
3865
3558
3571
3761
4132
3487
3595
3631
3565
3592
3528
4028
4692
3626
4208
3541
3649
3936
3741
4160
3492
3868
4980
3849
3783
3851
3708
4176
4699
4020
4109
3361
3437
3756
3546
4111
3875
4074
4199
3434
4149
4075
3832
3941
3723
4032
3611
4201
3864
3553
3439
3401
4008
3526
3489
3388
3345
4038
3699
4231
4452
3316
4382
3676
3644
3421
3590
3692
3313
3493
4143
3459
3313
3503
4121
4229
3427
3401
3819
4231
3814
3994
3950
3549
3602
3955
4083
4273
4289
3857
3780
4260
3317
3912
3512
3737
3440
3688
4140
4085
3600
3183
3406
3557
3825
3302
3777
4211
3894
3664
3550
3492
3530
3651
3675
3861
3622
3956
3436
3556
3695
3551
3940
3734
3462
4305
3548
4311
3405
4124
3530
3557
5365
4041
3913
4158
3983
3463
3769
3564
3676
3318
3347
3667
3624
3620
3968
3575
3407
3883
3798
4869
5239
3959
3831
3992
3659
3701
3692
4301
4129
3691
3873
3767
3624
4283
3462
3789
3446
3854
4168
3588
4011
3793
3782
4058
3670
3909
3588
3498
4652
4317
3596
3754
3854
3921
4025
3818
4450
4024
3850
3507
3558
3621
3458
3349
3701
3151
3719
3869
3722
4297
3847
3559
3561
3458
3928
3407
3636
3873
4266
4291
3790
3751
4012
3705
3963
3903
3820
3846
3920
3332
3885
3515
3595
4749
4799
4133
4053
4203
3528
3788
4199
4114
3636
3845
3822
4053
3789
3683
3545
3631
3666
3376
3515
3447
4091
3382
3901
4034
3840
3868
3442
4377
3500
3777
4021
3724
4455
3673
3644
3639
3766
3249
3531
4101
3551
3938
3926
3662
3474
3417
3800
3987
3810
3463
4693
4038
3550
3778
4120
3571
4238
3343
3928
4409
3720
3493
3741
3541
3637
4200
3730
3507
3433
4072
3381
3361
3699
3770
4466
4660
3492
3912
3414
3922
3436
3702
3374
3541
3238
3625
4484
3513
3671
3755
3559
4028
3885
4001
4175
3969
3400
3409
4100
3537
3334
3701
4195
4023
3545
3387
3588
4020
3564
3690
3560
3884
3768
3580
4109
3738
3850
3885
3632
3363
3859
3287
3822
3658
4109
4188
3781
3781
3454
3606
3901
3959
3771
3829
4170
3430
3396
3717
3638
3716
3458
4069
5157
3569
3920
3546
3650
4119
3197
3673
3796
3821
3494
3710
3885
4051
3290
3548
4404
3895
3204
3599
3349
4198
4209
3977
3906
3840
3358
3459
3795
3895
3338
3801
3966
3749
4072
3938
3829
3783
3831
3845
3501
4142
3625
3577
4896
4063
4274
3595
3367
4081
5016
3757
3597
3673
3340
3822
3794
3638
3686
3238
3431
4434
3685
3433
4230
3613
3864
4232
3853
3611
3527
4105
3770
4184
3499
3760
3736
3561
3980
4020
3815
3828
3303
3742
3412
3637
3412
4303
3604
3895
3850
4199
3507
3726
3552
3484
3261
3909
4239
3863
4136
3550
3936
3987
3659
3635
3745
3612
3743
3858
3870
3640
3756
3274
3397
5078
3516
3301
3823
3594
3895
3805
4153
4189
3432
3638
3469
3784
3958
3726
4072
3732
3598
4012
3268
3860
3447
4137
3821
3895
3800
3244
3829
3986
4176
3732
4012
3629
4668
3580
3494
3705
3718
4555
4121
3909
3652
4090
4196
3686
3915
3820
3911
4201
3686
3639
3675
3546
3757
3355
3437
3628
4889
3667
3333
4577
3768
3798
3660
3408
4037
3523
4071
4011
3877
3761
3766
4024
3550
4040
3537
4023
4293
3686
4139
3669
3289
3895
4117
3916
3596
3503
4359
3462
3903
3918
3809
3694
3284
3721
3855
3398
3583
4252
4352
3604
3832
3521
3851
3870
4042
4727
4084
3684
3756
3934
3818
4191
3577
3401
3486
3475
4427
3420
4026
3546
3853
3901
3688
3982
3637
3646
3735
4046
3206
3757
3477
3450
4290
3455
3585
3993
3878
3357
3920
3376
3501
3906
4510
4345
3717
3321
3364
3603
4262
3759
3948
3350
3675
4181
3925
3902
3693
3778
3808
4185
4011
3792
3553
4029
3634
3934
3558
3247
3440
3473
3942
3387
4050
3905
4276
3653
3257
3561
3790
3564
3879
4020
3489
3564
3734
4430
3309
3609
3846
3820
3950
3695
4191
4298
4480
3570
3991
3669
3331
3363
4364
3831
3998
4304
4068
3871
3758
4480
3740
3706
3831
3485
3900
3924
3531
3799
4226
3541
3445
3443
3937
3901
3435
3563
4594
3324
3447
3778
3398
3737
4428
4330
4016
3648
4126
3844
4303
4075
3444
3545
3967
4862
3917
4359
3379
3928
3615
4022
3570
3564
3307
3938
3922
3761
3401
3864
3761
3382
4015
3807
4000
3822
3746
4287
3467
3391
3751
3456
3481
3702
3639
4042
4014
3970
3649
6067
6322
6718
7144
5848
6658
5800
5901
6013
5689
6234
6419
6372
5804
6329
6384
5783
6978
6268
6659
6206
5954
5693
6047
5835
5781
5897
6676
7805
7217
6455
6178
5861
6160
6131
6069
6499
6569
7204
5800
7017
6784
5711
6605
6066
5876
6297
6421
6457
5917
6332
5899
6262
5999
8050
6199
7556
6166
6279
6887
6752
5919
6317
6709
5601
6317
6557
6604
5995
6411
6415
7013
6186
6251
7254
5926
6759
5829
6890
6336
6612
6561
6677
6232
6383
5780
6484
6144
6207
6410
8019
5628
6128
6660
6098
6511
5906
6037
5972
6173
5787
8126
6653
5673
6269
6132
6299
6416
6502
6569
6275
6332
6547
7214
7094
6311
6776
6340
6948
5962
6254
6147
6081
6182
5711
6569
6413
6124
6452
6536
6710
7149
6223
5857
5580
5668
7587
6232
7005
6124
7896
6514
6212
5741
6482
6624
7007
6380
6148
7522
5680
7510
6577
5757
6481
6827
6258
6941
6614
6532
6677
6247
6982
6780
6034
6402
6838
7702
6987
6564
6724
6364
6818
5676
7000
6692
6242
6048
6042
6119
6708
5988
5998
5847
6246
6627
5872
6830
6364
7396
6083
6897
5495
6344
6561
6211
6690
6127
5938
5965
6307
6148
6185
6262
7265
6658
6073
6762
6036
6124
5969
6333
6401
6077
6624
6038
6660
7471
6080
6685
6789
5817
6219
6194
6666
6656
6594
6799
6718
6104
6719
6042
5744
6163
6107
6362
6635
5939
7834
5952
6534
6296
5826
7162
6495
6022
8098
5552
6699
6184
6278
7406
5932
6511
6188
6316
6701
5695
7188
6526
6903
7490
5767
6829
6863
5566
5718
6024
6027
7058
6847
6207
6141
6617
6299
6863
5893
6856
6572
6414
6002
6819
5783
5862
7735
6125
5966
6272
6079
6611
6461
5925
6331
7021
6333
6442
6731
6284
5957
6064
6447
6398
6117
7232
6117
6859
6453
6319
5439
6220
6720
5798
6125
5809
6072
6333
6384
6028
6965
5888
6864
5585
8045
8589
6493
5737
6993
6696
6864
6426
5619
7050
7769
5769
6430
6419
6262
6549
5912
5907
5955
6840
6500
5919
5967
6469
6324
6949
5823
6625
6948
5795
5951
6856
6070
6768
6029
6635
5815
6558
6373
6029
6300
6380
6629
6271
6794
5692
6300
6010
6135
7412
6525
5929
6369
5736
6057
6530
6659
6393
6295
6360
6150
5931
6074
5824
7113
6174
5539
6335
6123
5799
7230
5660
6833
6114
6895
6350
6466
5723
6213
6228
6016
6473
5700
6151
6845
5713
5852
6232
5789
8282
6382
6368
7093
5388
6157
7286
6563
6111
5907
6255
6415
6186
6937
7382
6030
6420
6228
6316
6252
6586
5871
6379
7676
5806
6454
6398
6210
6699
6402
6514
6438
5861
5757
6604
7070
5717
6811
6151
6197
6913
6178
7860
5829
6036
6304
7512
5555
5683
5881
5826
6781
5906
6612
7257
6141
5735
6361
6723
6739
6498
5852
6249
7207
6460
7588
7124
6320
6671
6800
7658
5595
6830
6145
5949
6018
5926
6057
6082
6431
6870
6709
6821
6386
6855
6183
7032
6707
6639
6816
6382
6222
5837
6883
6489
6281
5981
5410
5900
5914
5997
5881
6407
6242
6689
6829
6508
5928
7179
5979
6765
6615
6187
5520
6082
6129
6223
6113
6352
5880
6530
5830
6770
6023
5941
7104
5914
6056
5994
6555
6029
7842
6898
6149
6599
6374
6861
6993
7117
6523
5696
6417
7204
6650
6940
6240
5713
5454
6469
6443
6379
6484
6527
6405
6615
6183
6118
7033
5940
6023
6370
6295
7601
6668
6708
6614
6016
5381
6630
6294
6516
6044
6490
6082
6537
5712
6276
6144
5683
6715
6406
6402
6359
6248
6322
6288
6261
6598
7453
5880
6196
6148
6227
5427
6334
6708
6448
6128
6226
6402
7008
6868
6197
5566
6272
5824
6661
6582
6112
6319
5918
6187
6967
6155
6317
6122
7995
6005
6494
5375
6747
5817
6419
7123
6698
6283
5834
7152
6270
6607
5828
6609
6852
5798
6213
6009
7125
6415
7983
6318
5964
7081
6027
6732
6644
5706
6038
5821
6470
7120
7349
6078
6756
6379
5954
6609
6703
5804
6924
6103
6468
5891
5763
5624
6272
5744
6280
7227
5651
5575
6309
5856
5972
6491
6706
6490
5863
7536
6064
5818
6222
5831
6625
5707
6015
6622
6234
7295
5661
6369
5949
5725
7556
6648
5841
6483
6430
6426
6094
6115
6202
7064
7201
6742
5421
6057
7159
5752
6060
6289
6377
5902
7164
7235
5685
5954
6446
6030
5959
5952
6144
5682
7162
5888
6356
6197
6945
6444
6035
6317
5912
6361
6373
6191
6005
5750
6401
6147
6133
6749
6384
6837
6789
6339
6694
6050
6022
6432
6174
6962
6288
7354
5623
7053
6535
6029
5885
7236
6746
7114
6634
6131
5748
7051
5911
6210
7044
6048
6915
5699
6154
6005
6414
6648
6146
5924
7052
6210
6290
6231
5909
6673
6431
5884
5903
6298
6369
7323
6365
5710
6625
6383
6056
6212
6055
6312
6230
6598
6030
5960
6036
6312
6852
5744
6183
5975
6166
5635
6109
6291
5874
6142
5806
6427
5885
6938
6613
6221
6023
6310
6525
6197
5810
7369
6226
5792
6984
5739
5940
6045
6340
5754
6850
6289
5378
6566
5847
6163
6183
6036
6576
6544
6642
7410
6685
6027
6085
6447
5988
6627
6049
7596
5842
5881
5724
6402
7847
5998
6780
6412
5908
5762
6470
5922
6340
6758
5880
6044
7541
6222
6844
7292
6533
5458
6079
6661
6088
6533
6797
5899
5848
6454
5935
5797
6060
6382
6149
6394
6613
6532
6268
5977
6663
6095
6546
7097
6578
6284
7185
5669
8603
7519
6206
6510
6790
6413
6012
5958
7227
6170
7555
6828
5954
6320
6437
6737
5806
6804
5789
6821
6589
6335
6513
5975
6646
6188
6797
6286
6838
6754
6109
5811
6744
7402
7230
5955
6322
6220
6105
7199
6319
6654
6516
6214
6347
6699
6953
6755
5995
6905
6467
6361
6000
7072
6556
6441
6234
7161
6534
7255
7072
6296
5927
6316
5722
6300
6121
7293
6366
6006
6398
5703
5513
7129
6124
6465
6431
6125
6332
5501
6663
6020
6336
6432
7053
7527
6077
6730
6002
8716
9369
9192
9139
8987
10258
9231
9566
9203
8988
9590
9707
9001
9188
8866
9288
8831
9191
8540
9549
12044
11058
10109
9739
12178
8649
9384
9017
9448
10158
8582
8665
9004
10513
9792
10128
8977
10412
9174
9271
9958
9586
8917
8188
9684
8715
9500
9996
9207
8542
9125
10022
8812
10080
8627
9005
10657
9021
8791
8824
9490
8587
9597
9731
12834
10610
9826
10082
9156
9023
9111
8856
9541
9222
8633
9511
9072
8998
10404
9893
8743
8940
9116
9282
9248
9709
9051
11594
8674
9546
8757
8813
9081
8595
9115
10450
9130
9098
9135
9732
9612
9215
9216
9036
8569
9610
10076
8963
9584
9046
10294
8950
9436
8745
9890
9026
11515
10938
8130
10480
9283
8912
9327
9341
9416
8493
9213
10904
8706
9877
8465
10702
9227
9607
9175
8137
8858
9444
9762
9224
9211
8712
8522
8658
9672
8912
10120
8348
9474
10093
8537
8790
9288
10083
8893
9100
12200
9900
9104
9402
8392
8801
9425
8571
9361
9713
9388
10041
8859
9221
9097
10248
8581
8979
9450
9061
9029
8416
10104
8926
9420
8933
10457
8545
8920
9396
9462
9024
8787
9717
9763
9986
9255
8915
9192
9445
9046
8825
10619
9145
11009
9787
8825
9622
9057
10461
9119
9511
9412
9247
9245
9472
9362
9958
9573
9642
9438
9024
9632
10313
9618
10677
9608
9765
9249
9818
8650
8771
9005
9506
9761
9301
10102
9774
8983
9299
9131
9153
9128
9232
8487
8989
9191
8910
9788
8986
9448
8395
9022
9693
8790
8637
9156
8321
9351
9654
9901
10299
8389
8789
10592
9538
8981
9525
11666
9792
10414
8276
9858
8573
8758
8785
9338
9163
8874
9175
9782
9036
8598
9355
8726
9042
10824
9543
8546
9283
8937
10113
8757
10672
8627
8811
10184
10798
9004
8861
10272
10099
9253
10132
8871
8878
11108
8876
9473
9470
9690
9498
10690
8624
9779
9179
9816
9968
9671
9002
9714
9476
9379
8952
9961
8520
8810
8921
8480
8819
9601
9407
9340
8483
8772
9422
9497
10199
10073
8985
9114
8912
9987
10042
9626
9924
9107
9296
9851
10415
9015
9150
10683
8670
9537
9009
9593
8553
9300
9531
8625
8788
9716
10029
10072
9359
11320
8572
9010
9548
10192
8983
8752
8760
9419
11666
9644
8919
9543
8793
9152
8735
8751
10061
8330
8836
8707
9067
10022
9988
9484
9493
8953
9121
8235
8503
9083
8977
10198
8871
9837
9123
8936
9070
9974
8992
10139
8812
9233
9825
9141
10161
11651
10270
11785
8676
8837
9273
8723
10418
9092
10152
8218
9174
8771
9443
10131
9562
9293
8456
9984
10838
10490
8890
9426
9192
9160
8684
9286
9650
8563
9144
8993
9096
8969
9848
9567
8882
10101
10041
8944
9168
10306
11312
9619
9528
9539
10257
8796
8967
8441
8257
9806
8213
10753
9128
9406
8863
11005
8945
9805
8958
9459
9311
8782
9992
9354
9728
9187
9265
8991
10739
8589
9809
10121
9722
10148
9920
10205
9129
8919
8732
9756
9373
8657
9528
10134
9699
8889
10112
9009
10584
9690
10607
9744
10386
9373
9965
8968
9728
9014
9204
8709
8853
8906
10098
9584
10224
8786
9225
9745
9227
8478
10482
8808
8711
9966
10414
11293
8592
9362
8955
8448
9178
9199
9156
8946
10042
9121
10019
8998
9556
9142
9448
10745
9672
10299
8969
10050
8886
8694
9148
9154
10052
9253
8909
8760
9065
8830
11476
8435
8896
11404
10415
10861
8302
9072
9898
8932
9099
9084
10669
8756
10335
9729
9878
9345
9629
8758
8193
9147
8996
8650
9040
8731
8562
10344
8573
9830
10302
9096
8520
8814
8843
9200
8908
8279
9492
12585
8451
9383
9060
10060
9646
12042
9013
9679
9457
9039
9772
8897
9497
10291
10206
8825
8942
9652
9322
9259
8683
9191
9883
10502
10443
10217
8976
9342
9505
9882
8916
11201
8890
10938
13013
8918
8008
8543
10209
9447
10019
9004
10372
8335
9579
9081
9336
9542
9568
10636
10089
8738
9190
9245
10008
8779
8639
10182
9381
8925
10530
11485
9908
9750
8443
9973
8610
10605
10265
9573
8950
10340
9210
8828
9766
9870
8144
9201
9147
8780
8999
10505
9552
10638
9014
9394
9709
9543
9470
8507
9205
8563
9340
10072
9181
9294
8945
10501
8726
8997
9193
7998
9359
8194
8420
9446
9664
9311
9655
9548
9330
9694
9682
9304
9707
9336
9648
8834
9519
9306
9281
8769
9145
8730
9313
10262
9139
9758
10166
9703
8979
8798
9737
9741
8900
9285
10226
8758
9352
8939
9051
9238
9588
8826
9161
9225
11294
8676
8635
9591
10268
9856
10150
9655
9065
8888
10600
11484
8799
9181
9220
9534
9233
9890
8762
9887
9083
8223
8843
8854
9885
9363
9120
9984
9757
10597
8690
10359
9072
8973
9190
8977
9128
9992
10504
8564
9483
10939
10322
9116
9063
9994
9401
10515
8976
8845
11291
10045
9259
9464
9559
8535
8369
9347
9639
9632
10474
9492
9402
8518
9153
8925
8903
8750
8834
9477
9864
10020
8749
8977
9298
10733
9249
9456
9221
8849
9920
8211
10434
9454
9053
9783
10145
8785
8383
8863
9304
9599
9178
8446
9270
8938
8701
9473
8991
9076
8785
9452
10565
9237
8962
9636
8626
9932
10161
9271
9823
9346
9412
9143
8609
9440
9003
9530
8997
10076
9314
9470
8928
11368
10001
10627
9424
10874
8642
8989
9040
8796
8841
9385
9152
9160
9080
9692
9969
9667
9571
9480
8534
9232
9312
9436
8647
9368
9104
10391
8988
9755
9638
9135
9195
9141
9709
9461
9370
9424
8659
10106
10039
10026
9354
9601
9372
10120
9446
9304
9960
8982
9022
8818
8739
9863
9533
10392
9239
8886
9985
9722
9489
8356
8813
8787
9394
10077
8807
9448
9688
8191
8697
8898
10353
9887
9589
9241
8966
9905
8972
10036
10000
8735
9162
8712
8109
8638
9238
9655
8674
9350
8783
9519
11116
8644
9237
9553
9339
8588
9372
9712
9071
9159
9479
9340
8368
10668
9855
9463
10264
9259
9217
8872
9383
9542
9478
9656
9131
10785
8860
8427
8983
9211
8952
10113
9253
9612
9840
9138
9301
8481
9387
11348
8948
10323
11066
9212
8779
12222
13334
13597
13037
12596
12013
12642
14047
12412
12102
13438
11440
13654
17614
11973
12826
12315
12399
11895
11757
13668
11024
11840
12141
12050
12096
13607
11835
15374
14870
13259
12366
12954
13444
13228
13151
14312
11952
13817
12499
11859
12347
13173
13008
12868
13052
13540
11669
13028
12750
13052
12763
14525
14250
12592
13420
12381
12730
12177
12592
13153
12963
12167
11882
13099
11354
12223
12354
12454
11998
11479
12256
11916
12573
11872
12454
12772
13051
12513
12784
12640
11916
12552
12602
12450
12739
12989
12742
12346
11482
12631
12263
11808
14312
12665
11833
13013
12946
12594
12119
15256
12235
11841
13089
12737
12120
12525
12248
12581
12433
12411
12882
14387
12618
12574
11652
14301
13599
11313
11830
13291
12442
14904
11640
11328
12843
12139
11842
11980
14580
12729
12641
12734
12619
11877
14530
14345
12804
13814
13379
12175
12137
11577
11467
13354
12180
11146
13058
12721
11296
11882
12045
12607
11353
11849
11896
11971
11518
13749
12396
12802
11096
12102
13340
12358
12863
12861
13304
12965
12495
13012
14515
12432
12177
13024
13996
12041
11976
11505
12230
13383
13542
12622
12397
12914
12281
12429
12356
11980
12403
12189
11816
12318
12204
12878
11639
13313
12020
13721
12651
14204
12564
14567
12529
11589
12180
11777
11919
12116
13986
13869
12271
12798
12198
12139
11946
12289
14014
13494
13210
12179
12289
13915
11707
12183
13682
11893
12152
11987
12143
12533
12547
13055
12051
12355
12857
13378
12716
13010
12640
13495
12047
12323
11687
11565
12696
12637
12654
12221
11652
12901
12391
13683
14988
12266
11051
11958
12222
12499
12337
14759
13109
13113
12549
11773
13965
11704
11603
12062
12002
13853
11983
11986
11679
11348
11788
12506
12928
12626
13112
11636
12740
12707
11768
13436
12721
11530
12405
14081
12729
14032
12820
11541
13076
12781
12717
12194
13542
12538
12559
13098
11727
12069
14176
13728
13910
12280
14788
12275
12998
12906
12981
12773
11179
11413
11887
12466
11679
11885
12849
13236
13045
12754
12141
13397
11751
12422
14549
13472
12372
12785
12167
13114
12277
13068
13763
13212
12194
13010
12973
11425
12966
13287
14118
12992
13095
12869
11954
12307
11494
12507
13932
11565
12482
12031
13472
11556
11988
11715
15519
12000
11795
13525
13979
12982
12674
14042
11865
14150
12463
12578
13182
12462
14228
12050
12285
14515
12219
12628
13719
12469
12921
12858
14508
12594
13290
11669
13326
12352
12173
13475
12688
11606
13010
12605
13435
15049
11658
13829
12088
12731
12899
11865
13264
12337
13538
12973
13801
12808
12547
12164
12333
12121
12813
12145
11112
13281
13704
11999
13361
11482
12206
13230
13223
12416
14184
13083
11961
12796
11684
14248
13145
12847
13005
12912
12632
12361
13052
13301
12001
11377
14164
12201
11039
10910
11720
13745
13787
14538
11998
11801
12822
12479
11553
12700
11897
11656
13834
12148
12694
12582
13032
12312
11528
12646
12834
12349
12606
12086
11555
11662
12064
12511
12652
12919
14248
11917
12540
12215
12198
13289
13244
12218
12142
12998
13184
13946
11931
12580
13449
12264
12685
11664
12245
12311
13383
13128
14128
13633
13093
12716
11559
11904
12380
12923
14646
12750
11401
12869
12381
12287
12703
11686
11284
12629
12394
12800
14217
12538
15252
11638
11978
11495
12778
11984
11789
14186
11648
11928
13654
12537
11942
13657
12178
11630
13105
11550
12709
11956
12254
12195
12884
12134
12764
14061
12677
12399
11458
12294
12189
12532
11724
13054
13253
13160
12291
12959
11686
12383
11518
12863
12746
13166
12781
13328
12987
13124
12195
12666
12138
12793
14853
12371
14186
12186
13850
12329
11948
12575
13040
11975
12339
12409
13008
11424
12290
13239
12517
12492
11897
12486
11537
12214
11777
12299
14579
12958
12880
12072
12462
12009
14357
14091
12098
12636
11862
11530
12490
13000
13737
10966
13377
12763
12980
12720
12301
12599
13011
12881
12369
14005
12276
11680
13680
12338
12871
12176
12700
12421
12549
15231
12118
13631
13576
13186
12977
12943
11650
11664
14034
11979
13645
12358
12476
13744
11144
11370
13572
12306
11181
14335
14002
11662
12623
15313
12753
11536
12189
12039
14221
13191
11667
12419
11983
12195
12916
13036
12502
11625
13648
13006
14102
12677
11689
11978
12054
12949
11717
12147
12347
11885
12536
12520
15587
12116
11999
12683
12312
13000
12294
12017
11700
14904
12995
11432
13107
13034
11760
13949
12565
12915
13174
13111
13132
13186
12581
12079
13125
11540
11694
12620
13458
13786
11262
12064
12713
11941
11529
12455
11923
13220
13294
11285
12615
13247
12249
12792
12082
12017
11908
12501
12282
11976
13113
14555
11790
12465
12335
11948
12662
12635
12718
12160
12883
12509
12673
12343
11842
13161
12558
12088
11922
12485
12334
13166
12605
12448
12903
11182
12958
13446
12008
11841
11978
12922
13950
12433
13446
12942
13589
13438
16016
13389
13676
13395
12028
13421
12303
12420
12928
12340
13149
13082
13236
12004
13715
13234
11607
11469
12421
14361
12191
12850
11915
12781
12160
13093
12264
13451
12357
12010
12369
12757
12363
11748
13105
13698
13350
12638
12822
12526
12922
13622
13248
12144
12410
12655
12925
11395
11482
13031
12170
12371
12633
14311
14607
13541
12048
12885
12315
12590
12144
12430
13028
13476
12732
11239
12895
11961
13272
11895
12182
12702
13250
13216
12801
13208
12168
12957
13963
12437
13152
11409
12598
11866
12754
13017
12171
12484
16670
13251
12901
12389
12825
13271
12000
12604
11585
14709
14085
13403
12141
12019
12782
13486
12333
11261
12809
12629
15232
14076
12523
15869
13351
12805
11895
12235
12147
13002
11843
12864
12835
13421
11085
12433
12727
12255
13489
12678
13053
12592
11662
13173
12943
13107
12164
11648
13149
10963
12338
12742
13408
12529
11398
13280
12729
11853
14818
12175
12085
12672
12303
12798
13607
11793
13107
13503
13568
13083
12485
12896
11905
13010
11929
12566
12619
11334
11748
12487
11656
12634
13700
12072
14105
11968
12656
13743
12619
13470
11995
14015
13343
12506
12731
13815
12177
12296
11067
12590
12577
12241
12718
13437
13135
12591
12224
12073
13589
12023
12697
11782
13624
12061
12308
14947
12161
12631
13011
14076
12384
11820
12149
12690
12335
12249
12712
12300
16144
14799
12292
12194
12496
12768
12179
14246
13052
12352
12949
12818
12697
15895
16986
16565
14982
15873
14691
15243
17702
14325
17172
16183
18174
17711
17198
18053
16288
18401
15278
16624
15172
15850
16241
15384
16033
16243
17336
15434
17207
16891
16826
16470
16240
16259
15678
16345
17194
14701
16746
17163
15622
15788
15045
15886
15842
15409
15963
15499
15937
15488
16413
17074
15325
15474
16809
15393
15431
15198
16173
14977
15345
16517
15253
15068
16566
17655
16227
15878
15890
17155
15969
15753
16253
16045
15414
15653
15836
15923
15318
16905
15246
17249
16534
15920
15950
15592
16006
16017
16865
16933
15754
16475
17797
17808
15620
16943
15735
16335
14817
14950
15532
16671
17496
16291
14945
16330
14930
17988
16708
18270
14861
16872
17142
16657
15633
17696
16077
15985
17789
16139
18978
17828
19752
15684
16140
17632
16908
17272
17596
16315
17293
18196
17120
16233
16603
16059
15242
16292
16209
17809
17456
15390
15885
15275
16093
16073
16724
15456
15050
16122
15868
16236
16571
16666
16270
16205
16887
17134
14794
15845
16043
16015
17712
15565
16540
15233
16755
16716
18193
14996
16122
16366
15040
15626
19060
17191
15856
16948
15521
16572
16744
15919
15981
18073
15030
14598
16203
15390
14950
16722
16590
16073
18553
16249
16529
16252
16198
14559
14895
16264
15089
15225
15897
15579
16240
15007
14579
17467
15049
14903
15842
17072
17758
16208
16706
16879
16026
15401
15985
17201
18851
15369
16100
15964
17258
16019
18878
16673
16277
15888
15677
18452
15423
16974
16758
18314
15795
15749
16322
18839
15153
15255
15969
15407
15949
15190
16090
17257
16074
15036
16158
15698
15130
18011
17561
18453
15381
16810
16292
17108
16262
16141
15287
15549
15499
15214
18669
15703
16356
14979
17983
16935
15992
18371
16851
17869
15282
17026
14593
16337
18625
16016
17167
16345
16027
14461
16695
15816
16055
16559
18890
16250
16217
15903
16031
17308
16890
15722
15289
15567
15983
16088
16471
15474
16431
16047
16569
15669
15971
16667
15169
16138
15893
16824
15705
15803
16154
16640
15982
16653
16704
16438
14977
15341
16749
17103
15743
17191
16977
16824
16307
15003
16465
15671
15749
16702
16665
15643
17020
16106
16235
16035
19793
17051
15611
15501
15315
16307
15938
16289
17087
19986
15948
16424
16975
16401
15342
15226
15685
16950
16767
17623
15252
15959
14529
17657
16070
16134
17047
15913
14616
17898
16481
16445
16887
20234
15611
17369
16402
15898
16836
14827
18059
16693
15784
14794
18302
16286
14942
15231
17829
15238
15029
15982
16038
16034
17896
16348
15380
15698
15863
15503
16025
17400
16856
17211
17719
16638
15266
17073
16476
16459
15290
17986
14451
15560
16321
15235
15763
19418
17794
15965
15370
17386
15928
18460
16153
15010
15442
17294
16177
16034
17626
16004
15519
15495
16004
16465
15677
19165
18028
17995
18566
16354
14714
18004
15931
16337
15018
19774
16498
16944
15017
15080
15646
15839
16516
16421
16260
16958
14769
17313
17042
15778
14906
16374
15204
15802
15274
16432
16232
17415
17649
17999
16812
15534
16886
14692
17587
16329
15389
15837
17161
17485
14637
14605
17510
18111
16097
17397
15632
16887
14663
15108
16250
16659
14175
16059
15581
14501
17274
15938
17098
16779
17303
16361
16500
16340
17622
16039
15608
17442
16100
16151
17182
14644
17115
16637
15796
15430
16652
16371
15798
16210
18685
15987
15084
16297
17543
15194
15380
16263
17672
14493
17176
16303
15222
15746
17279
15752
16228
16298
15455
17269
15790
15698
17075
16642
18624
16948
15121
16513
15245
16293
17548
15813
16140
17553
18542
15915
15433
15702
15905
16130
15319
16255
18036
15837
17256
14952
16139
16409
15518
15354
15198
16145
16621
15643
15996
15853
15615
15395
14501
15653
14368
16270
15141
18164
17978
15091
15838
19216
15155
16618
15277
14911
16190
18019
14423
17115
16138
16593
16178
15569
18273
15549
17179
16060
15428
15789
15303
15794
17848
18492
15317
16905
15282
17776
15488
16942
16503
17860
17592
16403
16726
15898
17347
16642
15796
16410
15689
18171
15817
14740
19245
16138
15557
16505
14961
16833
16173
17397
16142
17148
16967
16324
15980
15795
16380
15811
17120
14683
16096
16256
16761
14397
15345
17861
16550
15870
15069
14531
16968
15282
15385
14588
16916
16557
15246
16955
16142
16077
15933
15373
16693
17691
18585
16824
17402
15221
16424
16372
15935
15517
15573
16785
15438
16602
16282
15708
15893
15698
16234
15654
18476
15890
15162
16450
15312
17104
15488
17094
17830
17268
16481
15975
15419
18332
16272
15315
16107
16765
15978
16713
17797
14672
16111
15126
17682
15359
15753
16048
18036
16464
16447
17623
17167
16945
15664
15696
16677
16995
16025
17500
16852
16612
17088
16003
16282
16601
15064
14335
15653
17578
15052
14889
16023
16946
16076
15457
16490
15491
15422
14992
16324
16101
16937
17352
15535
16034
16425
16783
17553
15937
15288
17155
15255
15675
16053
16191
15641
15691
17571
17300
18544
15480
16153
16542
15353
16358
15490
16735
17671
18658
16449
15203
17831
15327
15491
16453
15727
16334
16044
16786
15742
14691
15209
17057
18847
15586
16323
19485
19557
15942
16447
15973
15882
15386
14650
17297
15498
16762
16865
17346
16424
16214
17100
15964
16979
16726
16507
16603
15479
15653
16795
14771
15016
17406
17941
16263
17399
15091
17197
17311
17911
16023
15990
16541
16041
15237
15303
16231
14955
17674
16709
15409
17045
15437
17260
16966
15849
15718
16709
16426
17325
16483
16074
16496
15158
16572
15630
17250
18198
15572
16065
16811
17814
16052
14869
15392
16526
17998
15795
16487
17357
16145
15073
15979
19713
15511
15180
17803
15884
14952
15295
16234
16198
15538
16054
16602
18784
14792
15462
15991
18078
16239
15739
14734
16457
18194
17073
17980
16035
14176
16147
15062
16585
15769
17037
16234
18092
16184
17542
16666
15920
16677
15467
15106
16241
15239
17141
15987
15607
15271
15879
16038
15201
15928
17863
15847
15901
16063
17033
18713
16520
17903
17421
16320
16270
14983
16822
14850
15852
18574
16195
16477
17132
16397
18199
17176
16555
16886
15158
15904
15430
16260
15405
16192
14714
15243
16602
16710
18319
15201
15975
16861
17878
16407
15765
15301
16277
14835
15311
15094
16673
15927
17801
16706
15831
16191
15690
15656
15037
16412
16977
17567
15958
15674
16833
15399
17619
14855
15970
15765
16335
14233
17350
15694
15518
17541
15949
23417
20679
19949
20678
20213
19656
19261
21217
19056
22098
18753
22227
19926
20561
19444
19960
19416
20297
19894
20827
19237
21513
20808
20953
19943
20187
20857
18658
18622
20530
20683
20834
19458
19903
19093
20182
22527
19331
20568
19058
19569
19996
21024
20824
22785
19425
21041
22853
19584
19760
22959
20221
20496
20307
19257
21303
20573
22225
21909
21490
21702
20622
18527
21284
20266
18930
19214
22091
21206
19621
19563
20832
23281
22053
19193
20505
19095
19671
20533
22726
20642
18673
19977
21713
21600
18378
19703
18740
19992
19421
22711
20408
21294
20562
18417
19997
19026
18246
18569
19664
20501
21853
18614
20296
19297
20580
21662
20181
21379
19503
19150
23132
18211
19781
20037
22440
20683
19936
19228
20415
22089
19955
20413
20518
19795
18690
19192
19351
19077
22391
22591
18556
20622
19735
18738
20063
20963
21355
20890
20090
18432
21136
20713
21137
20489
20763
22875
19425
25659
20350
20527
19869
19167
18876
21086
18543
19386
19333
18907
19096
20609
19933
19186
18661
19382
20199
19708
19108
20057
21533
21766
20232
18846
18834
19819
19532
20725
20505
20877
20954
19325
19021
18762
20049
19878
20181
21234
19894
20341
20878
19740
20660
21173
19276
18399
20609
18522
19750
18725
20529
19611
20982
22328
18705
19487
20079
19743
19082
19609
18592
19050
19760
18808
20183
22154
21089
18572
19713
20945
21314
19344
21259
20415
19645
19268
19354
20187
22894
20464
20153
21308
20546
20919
21067
20080
20139
19830
22700
17573
19148
21061
19687
19343
20703
20661
22894
20575
18717
20968
19967
18386
19610
18766
19117
19893
20097
22020
20098
21296
20439
23401
19423
18248
19913
20182
21313
18400
19036
19805
21689
22214
20321
19877
21135
20871
22487
20777
21627
19939
19489
19020
20195
18552
19448
20039
21313
20408
18985
21294
18803
21132
21159
20925
19243
21503
19143
19901
19682
20703
20186
23224
19232
19770
21895
20222
21958
20683
20381
23240
20055
20330
18922
21557
19084
23250
19319
18596
19610
21441
18798
22285
19956
21265
19378
17651
20039
21237
19346
18238
18428
22247
20874
23706
22561
19264
19046
20007
19947
19963
20930
19832
25059
20035
20608
20553
21691
19760
19383
20709
19516
22763
20592
21701
19008
18833
21763
19992
18890
20378
19005
20484
18522
21555
21349
21388
19164
21405
20690
22509
20979
20250
19008
19141
20524
18871
18787
19602
21819
20020
21976
20512
21067
19763
19615
18991
21667
23028
20824
19799
20446
19297
21205
19318
21353
19161
21306
20324
20861
19579
19514
19374
22224
18506
19099
19386
22315
21740
19211
20877
20197
21448
20531
21488
20842
19658
20631
19313
20894
20684
20999
22838
19101
19934
18363
20917
19440
17565
21206
21384
20627
19254
20925
22569
19355
19843
21014
20157
20153
20513
19781
20543
19574
20267
18439
19242
20494
20743
20062
21824
20579
21506
20208
20482
22216
22296
23229
20821
21481
20185
20390
22113
20242
19168
21737
19727
20561
18711
20634
18308
20710
22276
19682
20936
19921
19420
18625
22113
18737
18868
22125
19389
23220
19294
19744
21162
19262
20004
19873
21092
20265
18873
18418
21355
18316
20676
22286
20187
18951
19444
19857
19994
23110
21766
22428
20910
21861
21780
19893
20349
20066
20989
18441
22726
19335
21693
21423
20808
19517
20601
19525
18889
18992
21226
20289
21478
19477
19394
19577
18870
18056
20679
19432
21252
20932
19014
19489
19429
21227
18747
21116
20123
19412
19172
20862
19330
22395
18247
19277
19072
20409
20712
22097
21569
20863
19953
17700
21300
19897
19238
22282
21007
19715
21892
19128
19568
21868
22051
20215
20262
19321
21390
20839
21016
23144
20452
21730
20989
20040
20264
20211
19974
20028
19490
20547
21295
19253
21663
18961
19081
20835
18631
21496
20706
18445
18496
23827
19925
20223
19769
20622
20877
20229
21906
18547
19775
20941
20372
19284
20002
22238
22419
21768
18723
19076
21535
19927
19051
20016
18656
21005
20104
17655
19236
18935
20522
19503
19069
20275
18855
18649
20537
20320
18428
18773
20541
19656
20567
19310
21589
19329
21574
20423
21244
19886
20711
20702
18887
18991
18751
19192
20989
19532
20844
18852
18624
19719
22520
19607
20127
19135
23490
17769
21157
20304
21293
19775
19801
19242
19150
20254
20806
18908
19000
20452
19637
19693
19687
21156
22019
18868
20021
20248
22072
19227
18721
20387
21127
20534
20683
19339
19918
22321
19646
21976
21817
23263
21111
21723
19507
19498
21002
20214
18360
19395
19863
19022
20420
20237
18628
20712
21343
20409
19581
20992
20028
22309
21257
20431
20707
20052
25116
20246
19535
18677
19041
19695
19876
20999
21160
19930
19845
21193
20535
19670
18456
20370
19786
21463
20470
22093
19595
20488
19952
21730
23820
19298
19986
21433
19750
17622
19550
22620
24989
20169
18675
19825
21117
21778
19189
19168
21412
20216
20774
20114
20466
19769
19354
21370
22522
20204
19533
20184
18364
19414
20108
20093
22010
20798
19368
19932
19806
23770
18805
20261
19568
20053
20178
19873
22838
17733
20248
19310
20474
20107
19668
19749
19914
19725
20463
19277
21822
20997
19545
20318
20304
20567
20925
18447
20627
19401
22313
18049
19493
20207
21363
23371
19942
19789
21523
21210
21568
19584
19567
21020
21035
20007
18957
21248
21213
20510
19612
20455
20396
20261
18444
19461
18362
23266
19883
18857
20106
19614
20494
22457
19490
21259
21114
18850
19445
21725
20005
20538
18905
20139
20602
19380
21655
19646
21626
21259
20806
19484
20744
18865
19586
19787
21215
19185
19912
20514
20633
18665
20827
19141
20229
22179
25122
20047
19858
20828
19385
21687
19651
21342
19863
19943
20344
19217
23082
25149
22556
22458
21002
19430
21906
19887
20003
20702
20252
20438
19566
22551
19635
19053
21569
19760
20080
21282
19616
19586
19646
20314
20477
18885
21266
20196
19285
20371
19402
21088
21217
19516
22196
20299
20056
18673
21873
21804
19288
19512
20404
19547
20949
18792
19618
19373
20727
19913
19538
19560
18865
21984
19210
21562
19237
20256
22618
18943
18620
21623
19876
22248
22329
19128
18940
20225
20162
20358
19923
19944
21416
18956
18869
22746
21579
21816
19022
21809
19594
18299
19810
21039
20115
18132
19794
18529
19424
18757
20011
20183
20087
20882
19711
18400
21078
19340
19609
19490
20331
19640
21940
19576
20241
20204
19447
22456
20721
21270
19921
19529
22925
25182
27557
24611
23901
28187
22554
26762
24093
26051
24124
25138
23046
22941
26137
22943
23175
21971
25139
25858
24469
23612
24697
25526
23676
24495
25696
25825
23044
25312
25662
22068
24085
23912
24940
26271
22562
23666
24188
23203
25280
22989
25312
23613
27046
22782
24994
22541
24052
24100
26363
22681
28897
26382
24559
21664
23776
23258
27069
23359
23686
24359
24382
24114
23894
22441
23581
21940
23783
25760
23590
24114
23107
24490
24940
26441
23927
24325
26337
25659
24589
22654
24337
24407
23733
23320
23396
25422
23521
24896
25612
24265
27006
24330
22977
24059
24365
22619
25587
22724
25445
24593
23034
26996
22276
22704
24344
23986
26729
24320
22467
23858
26122
25379
24369
27721
22956
24190
23408
25485
22791
23683
24092
23961
26556
23559
24571
23912
24231
23237
23424
21617
23321
23701
24262
22480
28304
24413
22830
25672
22358
25099
26793
22832
26618
25141
26435
24221
22523
23122
27115
26374
24046
26248
25292
25300
28558
27010
23723
24394
25047
23120
24881
22966
25391
24363
23749
24117
23843
25350
25023
24214
22919
23209
23765
23947
25137
26550
23489
25064
23223
25277
25800
23932
21922
24277
24783
26526
25507
24730
22251
25210
25866
23068
25979
28134
26139
24161
23721
24591
23739
27627
25406
26080
24473
23817
24660
23257
22833
24003
25719
22771
25143
22944
26590
24583
22349
27647
24487
25055
26120
23511
24814
25032
24450
23552
26457
23002
23073
23213
24915
23709
23898
24007
22710
22955
22974
24912
25621
22286
23838
24687
24836
25121
23321
23880
24840
24295
25156
25126
26905
22286
22726
24235
25879
24515
24030
25436
24553
23868
22664
25394
24543
24192
25566
26320
26836
23568
24337
22431
23438
23919
24283
26718
23680
23616
23708
24636
24472
24575
23780
26117
25754
24254
23923
23011
24256
24225
25713
24868
23477
24817
24710
27025
24602
24376
24042
25199
25100
26812
27837
28592
25802
24070
25145
23437
23057
26959
23235
22708
23360
24554
22754
24236
23739
23085
23119
23238
24390
22712
24724
23521
24464
22696
26717
25724
27319
25489
23311
23589
25243
23804
23655
23748
23431
25095
25605
24607
22585
23842
24880
24667
25658
24211
23574
25912
23519
25241
25297
26546
24679
28045
23446
24251
23860
23961
26991
23793
22915
26289
24292
25733
22092
23101
26425
24675
24284
27919
23044
24609
23429
24781
23702
26262
23021
26168
22825
23953
25913
23991
24411
25332
26496
26337
24103
26889
24674
24677
23233
24143
25416
26040
23732
22532
22366
23496
25207
26363
24008
22744
22735
24649
23482
21444
24799
23564
23919
23816
24603
23511
22859
23302
24699
24794
25164
24225
26548
23086
23643
23633
24894
25667
24282
25788
23785
22928
23944
27857
24809
23878
23376
23885
25049
24918
25195
23009
24236
22356
27349
25661
25988
26037
27639
23147
26148
22928
25889
25660
24474
24408
24330
27223
23935
25456
24070
22456
25268
23690
27607
25526
26473
24835
24932
23542
30030
24791
24522
24959
28383
22037
24531
23834
24536
23765
24031
23609
24681
25511
23963
24071
24169
24052
24662
24909
24734
22885
24579
25315
22756
27885
25043
24729
23783
23767
25984
26009
23609
22395
25672
26060
22187
27473
24070
26961
25817
22388
24166
23712
22690
25924
22655
27036
24955
25811
22981
23330
24188
25444
25425
26801
24824
24863
23698
24134
23960
22930
26977
24819
25165
28083
24007
23266
24636
25052
24844
24014
24654
26033
22656
23330
23881
23681
27081
24460
25001
24118
23420
24214
25267
24402
27922
23507
22676
23127
23835
24729
23519
24581
24914
25833
25320
23248
24687
23430
24204
24470
24163
29296
24358
26300
25307
22693
23163
24750
23267
22716
23333
24592
22874
24622
23638
23585
25265
22466
24103
22881
25131
24371
22783
27167
24024
24311
24374
22824
25414
23537
24749
25167
26411
23684
25021
22994
24764
22486
22955
25869
24551
23652
22894
26513
25569
22436
25054
24084
22116
23073
25917
23837
24985
25855
23897
22426
22926
23226
23577
24786
23767
24087
24650
24541
23430
21769
23770
25586
25791
26286
23598
23211
21797
23861
25222
25876
23254
24281
26731
22839
27178
25289
26376
23184
23509
27594
25052
25944
22939
24344
26592
22168
27596
24663
24285
24372
24503
25400
23927
23994
24864
25121
23964
25444
28028
24254
24126
24766
24033
25964
23958
26051
25202
23654
25085
24642
22897
24093
22780
24835
21563
25769
23758
23046
26659
24499
23858
24888
28670
24417
23051
25507
23577
23258
24096
24040
28769
22931
23541
23543
24576
25117
26874
23766
24941
28014
22658
23336
24440
24124
24646
22845
23910
24899
26030
26231
24586
25563
24583
25719
22510
22860
29319
23727
24109
24296
27471
23712
24632
26507
24171
25560
22775
25277
22941
26969
24190
23881
23209
25356
23152
25745
22147
24182
22246
24061
23764
24167
22862
24693
23056
23389
23631
26141
23093
24668
23922
25353
23380
23437
24728
23992
24378
24325
24376
24773
23852
26428
22653
25312
25325
26220
25252
21848
22177
24750
25573
23918
24983
24269
26563
24676
23137
21934
23890
23638
26485
22940
22730
22686
24549
23562
24710
23385
24665
23717
25297
24669
23268
24259
25254
25946
22503
23949
26309
25559
22958
29249
24065
26488
23946
23922
22905
26713
22687
23233
25479
22882
24133
26724
22089
25081
22917
24327
28856
25729
23697
25112
24672
24238
27446
24288
26573
23531
25090
24455
22686
24407
25283
23717
27711
22855
24328
23910
24590
25232
25497
24432
23166
23484
26360
24952
23835
25627
25458
25260
23483
24414
24258
25306
23721
22619
24098
22928
25671
25341
24261
22867
26047
23531
24270
28593
23008
22983
24955
23524
23139
24352
25585
22459
23840
24042
22204
26308
24076
24965
23040
22460
22867
23547
22867
24425
25428
23612
23478
26500
24004
23142
27392
24863
26074
22391
22935
22455
24496
25575
26774
22974
22262
23583
25871
25777
22105
28919
24125
23570
22909
24324
26522
24656
24473
23611
24063
22926
24203
23550
24256
24062
22812
22525
23815
26057
24357
25536
24225
25166
24484
24617
23416
24462
22658
22870
23275
23826
24544
23348
26255
22267
28588
22717
23134
25558
24782
23525
25044
25644
23088
27070
23964
24314
26879
23288
24044
23711
23215
25627
25005
25218
24789
22782
22629
23601
24571
23147
25992
24954
23276
23386
24521
23568
23705
25380
23583
26992
24829
22890
25447
21787
23432
23046
23397
23770
23845
22944
31528
27494
27749
28537
31904
29754
28048
29552
27093
28974
31370
29905
29963
28450
27655
28869
30188
28788
27573
28500
30134
27617
29389
29670
28907
28642
30366
27745
29744
28787
28283
27878
26816
30969
29281
32321
29053
28091
28906
27834
25857
27716
27377
29338
30252
29457
29258
27126
28984
29583
32114
29464
29727
27140
29865
27973
29075
30736
31122
32700
29808
30327
28431
31354
28489
27319
30644
27325
28369
28241
29708
29179
27210
28414
29040
29662
28421
30763
30021
28478
30822
28776
27538
26627
30242
28639
27763
32072
28071
30647
26465
27692
27641
29317
29779
28087
29464
27894
26840
28452
27294
29575
27124
29193
28313
27150
29790
32995
31995
29834
29222
32433
28326
27685
28068
27856
30959
29586
28668
29504
31300
29025
27522
27302
28114
27442
30137
31771
28875
28337
30126
26943
29483
27731
32988
28658
27959
27418
28261
29082
29838
27265
26973
28704
29585
27053
29042
32942
28681
28388
28534
29478
27215
29212
29916
29221
28438
26972
29731
27842
30258
26612
27643
26348
29951
27505
26432
29282
28594
28813
29732
27590
26938
27665
30578
28729
26686
27879
30878
30866
29427
27690
27114
30018
32975
32362
29099
28618
27609
28792
28048
29040
30164
25993
28044
27226
33832
29514
28371
28018
28810
30165
30738
26828
28345
28430
28629
33789
29355
27628
27127
27826
28601
29326
26865
26998
29700
26785
28252
30050
26795
28051
32073
27456
28422
28144
30377
27733
28147
28341
28059
27698
29580
26693
26849
27394
30162
30527
27867
31820
28775
30351
29350
27353
32323
26307
28791
32120
31669
26006
31002
27701
28533
29698
29511
28223
30101
27672
28501
29514
28046
33833
31437
27385
27118
31912
28543
26822
28207
30595
29753
30113
32330
28357
28941
30108
29982
29109
28132
27767
27583
29564
30044
29825
27344
25813
30518
28311
29459
27992
28361
29896
28315
29799
29993
29129
27917
29039
29721
29609
28479
27164
27852
28907
29522
26561
28963
29078
27387
28547
27969
27565
29769
26693
27526
27610
27896
26523
28192
26544
27297
29790
29238
28272
28032
31230
32206
27326
31381
28157
30484
28412
30262
29838
32619
30093
28341
31349
29034
26673
28395
28870
32408
29433
27821
30340
30622
29023
29303
30265
26898
27168
29983
28380
27877
29360
27422
27828
27954
30292
29638
28413
30115
31064
29517
28317
26619
27316
28351
30055
28355
29652
34736
30067
29286
28007
27356
27472
28928
28887
28338
28827
28580
29745
29368
26707
27353
29780
28432
28221
29547
27536
29038
27788
28674
28947
29038
28472
29117
30069
28651
33844
27889
28843
28235
30195
29848
29960
27796
28419
28183
29393
28423
29113
28906
30901
28626
27384
27875
26438
28134
26285
27646
28784
27021
28409
28265
28923
28179
28617
29250
28803
27031
29932
30086
27125
28544
26652
29739
28400
29068
28232
28214
30522
27506
28123
30641
31787
26795
30643
28729
27709
28096
28078
30450
26806
32385
31258
29670
30439
27599
27666
32683
27639
31622
28407
30143
28994
30182
32194
28286
27608
27805
29228
29958
30798
27489
27013
28544
28800
30160
27652
27793
28617
27969
30364
28686
29358
29688
30559
29049
28238
30161
28065
28832
26522
27730
28113
29808
28397
28912
28018
27076
27859
27604
27548
28334
28468
27349
28882
29083
27457
28481
27116
27833
30611
30012
28067
33030
30143
30303
30497
29660
29640
28056
27032
28865
27375
28226
29188
27280
28715
30459
27784
28005
29781
28815
28595
27883
26761
28745
27194
27651
29153
29971
28454
27636
29763
31236
29313
29953
31025
28552
32066
29150
28059
28126
27464
27864
28675
29536
27744
27032
30985
27897
28960
30127
28048
30924
28885
31819
27468
30784
26973
27743
29171
28837
27529
30779
29822
28658
26574
29069
28651
28015
29277
27152
30854
28068
28575
28423
28322
27251
26590
28040
28693
29069
27176
31409
28607
30116
30912
27766
27828
27530
28312
31591
26740
27514
29977
29900
28291
30136
29187
32316
28901
29240
27378
29642
30131
28738
26651
28328
28049
30040
29973
27690
28844
28353
29249
28032
29321
29329
30324
28173
29449
31427
27866
27265
27557
28747
31035
26492
27123
26681
28681
29811
31321
28771
30042
29636
27523
29034
27555
29095
30924
28843
27387
27673
27925
30247
27094
27528
27619
27945
28953
27354
29586
28316
27202
29701
28344
27191
29423
27873
28164
29219
28089
29687
29141
28815
26789
27243
29420
29260
28496
28630
28687
31552
31601
27976
29993
31799
30775
30119
29413
28308
27697
28311
29522
30623
28908
29116
27849
28177
31186
29643
27389
31269
29689
28946
26611
27716
27874
29093
30405
28191
29564
29182
28491
32904
29366
27537
28062
28921
28650
27444
28373
30303
31904
27026
28943
30062
27023
26111
28934
28321
28311
29556
28374
26743
30716
26394
29632
27821
26243
30201
28783
28547
28545
27733
30272
30629
30831
28229
31421
27858
30422
28638
28582
29498
29567
26519
28205
28382
28067
29188
31222
29937
29904
27237
26971
26857
27798
30792
30360
31814
28928
27057
27670
30330
30083
28542
30247
27929
30573
26807
29157
27937
32226
29538
28198
27539
28679
35985
28720
29884
29520
30335
29063
27379
27327
29106
27489
31990
28237
28245
28578
29018
26985
29998
27371
27619
27987
28462
28995
30166
28493
29292
28779
28304
27976
28305
27751
29759
28182
26317
29963
27691
30498
29342
29447
27590
32335
28946
29305
27038
28635
29698
28043
29311
28248
28503
28584
27124
29596
28774
31716
28117
29430
29739
28012
28767
28721
29253
30255
27128
32172
29678
31303
27569
29868
26018
28005
30904
29816
27963
28936
32145
29361
27613
29031
28942
29925
30710
33034
27483
30186
31080
28114
30049
30500
30184
27284
30744
30516
28228
31035
28429
27600
28181
29207
31847
29507
28496
27540
28724
29209
30808
28731
28835
28277
29897
27438
31083
29685
31494
28041
31216
27146
29961
29932
28700
32323
26829
28882
29132
29103
31157
30633
31155
29634
29151
30791
28468
29318
28642
27810
29195
30367
27282
30543
27001
29299
27540
28844
29726
27331
30287
28458
29866
27943
29519
29549
28772
27503
26312
28089
28738
28735
28760
30751
29266
28022
29816
31871
27047
30533
26799
28355
27690
27287
27558
28771
29313
31642
27954
29761
29163
28718
29865
27488
30653
29361
29335
28425
27695
26469
31123
31153
27929
27551
30158
30246
28000
30768
27777
27789
26559
29870
27682
30399
27115
29225
28360
28811
27142
30990
28312
28616
32603
34145
34147
34636
33299
32767
32098
33225
33815
31735
33797
34125
34689
31141
35171
32694
36136
33042
34677
33469
35190
34166
33817
35620
33351
34800
34928
33295
32554
32926
34294
32239
34785
34289
34142
31954
32263
33882
35771
33767
33535
33608
33362
33761
36497
33642
31826
34490
33193
32422
32576
33176
32782
33883
37010
32295
32881
31946
30356
31728
34285
31840
36197
31537
33777
35429
35761
32332
34326
33103
35407
34245
34193
35926
34759
33536
34836
32310
32435
33840
31980
33923
34447
36128
36210
32867
32871
36430
31868
32240
37321
32889
36985
34803
34955
32135
32244
31865
32991
37149
33650
34021
32831
31820
38868
35704
36291
33407
33573
30862
33054
32200
34950
34079
35789
33476
32384
36935
32787
33224
30833
32471
32343
40301
33001
34873
32562
32933
33059
33863
34085
33811
32544
34385
32008
32153
32584
31673
34109
32192
35485
32931
38336
35225
31784
36857
32448
32614
32216
33165
32560
33034
37203
32736
37782
32949
33003
34762
31914
33736
32984
33717
31862
33104
32163
32510
34058
32745
34827
33325
32294
33183
32532
33240
33127
33467
31846
33975
37862
30965
35665
34030
32585
34344
35434
33906
35497
34832
33306
30413
32599
31519
31413
34687
34031
35010
32625
34278
33534
36951
34043
32969
34220
33759
37891
31910
30726
34851
34506
33496
34061
33178
32931
33440
32004
32113
33298
37960
34139
35578
32717
33877
31460
35243
33619
32661
30898
32964
32388
33802
33274
34109
35734
34672
36624
31521
33015
34747
33747
32353
32368
36278
37412
32792
33071
32670
31230
33321
36219
34446
32648
34080
33489
36051
31604
32387
35909
35464
33043
33500
35508
33171
34685
38378
31169
33586
34683
34876
34682
33922
34882
32514
33615
31604
32638
31566
32760
33233
32561
33599
32647
35794
37299
34614
32795
33407
35231
31735
33588
34974
33033
36678
37988
30872
32708
37003
32404
33747
34404
31837
32755
34102
35691
33301
31318
32266
33165
37580
32743
33655
34393
32235
35299
33787
33312
32265
32820
34230
37055
34261
33422
33868
33366
32135
31918
35632
37078
35147
32065
34545
32963
32555
33736
33621
33717
31186
35013
31673
35428
34456
32751
32749
37611
32775
34537
33798
35443
31578
31217
31826
33054
36390
33269
39632
31270
32210
36916
34572
35416
34031
31331
33571
31977
33060
40033
35206
31822
31542
36637
32862
33780
32648
35784
33265
34598
34826
33988
31981
33424
33248
33108
31605
33463
33888
33306
34919
34987
31733
34371
32223
34014
31703
33879
32610
34576
36196
33204
34025
30550
34449
38376
33378
35326
32442
36848
32329
34154
30530
35378
31422
33558
32044
33744
31649
39067
34721
33049
35158
33381
30773
35393
33228
33214
32549
38705
34412
32593
34193
35661
31944
32734
34010
33484
30955
31724
33748
35167
33431
32044
32909
30789
30804
35116
35653
30956
32919
31341
31955
32341
34277
34079
38047
32752
36463
33949
35481
35274
33125
33682
34004
31917
35117
32789
32340
32984
34310
34078
34553
33400
32941
33085
34343
32177
34677
32907
33607
33570
31770
34840
32913
36181
32567
32096
33594
37355
35195
37855
32525
34021
32884
32297
32618
30250
31775
32872
32511
32829
34695
32544
34900
32829
35578
31588
34584
33096
32597
32196
32002
31836
31660
31315
30700
33917
31460
34596
32754
35164
35014
33552
35408
31715
39874
34856
31911
33148
33558
35085
44801
33254
31751
35177
30838
33604
36442
32859
30626
32250
31290
32407
33667
32142
32407
34082
33468
31711
32894
33027
31952
32741
32655
34815
33251
31982
33480
36248
31996
33701
35893
36435
33614
33664
33386
33987
35790
34398
35274
34008
36624
36160
32547
31952
30693
32202
35534
32745
33117
32872
33989
31045
33778
34644
34934
34205
32998
33694
33670
32932
32199
37226
32497
33729
32310
30813
30721
33479
38660
31677
33369
32167
33177
33495
34252
30869
34287
34707
32559
34508
33830
31613
34700
32813
32290
33467
32722
34076
34134
36813
35205
32624
32276
33282
37495
34830
31980
33464
34010
32507
35323
34301
32359
40962
32885
32779
34226
36024
33668
34101
37535
35303
33701
34596
33116
33795
34023
32636
32806
33602
32081
32165
32844
34363
36562
32269
35702
34299
32516
37071
33602
34840
32253
32446
38162
33377
33401
35909
32560
34199
36043
33468
36289
30862
33885
34335
30519
32173
33197
31039
33779
36802
36647
32534
35715
33411
30484
36565
34525
32909
35173
32114
34921
32354
34098
32055
33788
34546
33653
32609
33685
32552
32516
33554
33323
32905
34937
33169
32744
37828
36684
33938
32066
32321
34589
35385
33792
35331
33628
34160
36490
33573
31717
32597
36457
32767
32917
33635
34182
33119
33948
33174
34234
35880
34892
33981
34329
32929
32262
33323
35047
31748
31860
33033
32594
35563
36110
36909
35782
32711
35236
33212
32409
35950
35613
31998
33985
35155
32566
33007
34440
31949
34291
31470
31681
33373
34829
33548
31500
35044
34364
32032
32519
34925
34870
32865
32397
33542
31882
33570
34724
34814
34012
32377
32098
31593
33775
36257
40562
33509
33687
34487
33534
33747
30935
34987
32620
33194
32827
35927
31906
35141
33430
34225
32796
34707
34454
34046
32195
31163
35209
32916
33547
33100
33538
36718
32408
32954
31398
34352
33506
32127
31852
34832
34866
34954
35653
30780
30815
33043
36454
32777
33007
34711
31275
32324
31289
34225
33096
35368
33280
32294
37247
32552
33010
32268
31419
35685
32875
32751
33047
32868
32055
30582
37762
38942
33230
35474
34255
38295
33592
34834
32693
32911
32563
39038
31587
36352
34979
31825
32731
34262
32633
34538
31620
35078
37552
36327
34980
32172
32218
36612
32628
32604
31481
35891
32648
34226
33481
32589
35472
35012
32183
31040
36254
32409
31233
34477
33155
35053
36079
32375
34283
32359
35294
32384
32675
30925
34814
33235
33638
36881
33200
31451
32940
36354
31173
31732
34789
33498
34107
35705
31727
34765
36526
32818
35497
31949
31513
35742
30395
33309
34507
36001
32814
33896
32510
34214
35212
34836
31951
33510
32011
33232
31969
32929
33884
35431
31243
35806
32469
34586
39878
35312
34007
33588
34236
33215
34395
32524
33255
33835
37050
34685
35992
38345
36656
33952
36664
33735
32257
33517
35604
33660
31641
36306
32428
33265
32826
33912
32932
33520
32312
33898
35424
34735
33602
32688
31624
32732
32948
34496
39743
32612
31390
32485
32012
33040
36275
34540
31331
32995
33100
40111
38296
39380
37634
36504
42215
40484
44723
37090
37704
38954
36647
46304
44806
37770
38711
41002
37419
37275
38005
39072
39026
38813
40310
37252
39321
36885
37150
39374
37662
37415
36395
36399
36929
42871
38761
39209
37384
38338
39506
38529
44440
39085
41560
41200
43338
40887
38539
37198
39948
44249
42280
42437
38393
41042
37978
43057
38162
39669
42768
43818
38168
37329
39311
40513
44002
36572
37619
40937
38154
37331
40236
37479
38407
36638
37006
40116
37656
37600
39091
37307
39882
40387
38786
40538
44677
38638
39937
37998
38395
36689
38180
36303
40864
40891
36140
38543
36959
39221
35958
39323
40112
41221
40238
38650
37808
41326
40975
38510
37956
39547
39321
39329
36558
37843
38982
36240
38226
38817
39804
36569
37596
38684
42905
36923
36827
39622
39037
36933
38446
40772
36370
36507
35948
38757
39065
38778
43487
40203
37951
38120
41329
38851
39315
38235
44328
37542
37311
37316
37210
36144
35640
35849
38590
42880
42420
39528
42917
41292
38056
40555
36883
42415
40596
38109
38692
37015
38245
39835
41897
38543
39598
38771
36832
37874
37425
39153
38659
38408
37038
38883
36839
39801
40008
39955
34631
39074
38659
36906
37942
40597
39027
35968
35595
40432
42809
37347
40076
41057
38027
37451
39918
36355
37472
38433
38367
37211
39550
38349
35483
37324
36868
38309
36221
38463
37727
38805
39410
41166
37787
38625
38489
41310
36401
40988
37897
37654
40338
39852
36397
37912
42755
40872
39243
43571
37722
41038
39107
37572
38140
41745
37449
38610
40168
40346
45686
38524
37621
38326
39106
39325
41877
38721
38489
37840
37305
41296
38594
40568
35223
40113
38494
40293
37628
38249
38449
39361
38457
39432
41071
38322
39920
40134
37800
37803
36879
39188
41649
39159
40563
37572
40961
37425
41480
38641
37415
37057
38963
39202
39271
35926
35990
39130
37806
39354
38674
38688
40225
36470
40500
38251
39689
35872
36617
39900
37095
40791
36321
38391
43506
38552
38501
38531
41931
39087
38157
37059
39975
39405
38007
38499
35847
39874
40843
39786
37661
40133
41110
38566
37462
37294
40790
35892
44209
37736
37515
37349
37909
36279
39299
37812
38892
39570
45792
37020
36421
39702
40254
38375
37844
38433
40622
38933
43431
34999
37438
39847
37735
35808
35528
36905
38363
38148
37112
40821
38308
37620
40902
38558
38388
36311
38658
37114
37711
37045
40673
38104
38358
36266
38846
39919
35467
36981
38668
39709
39055
40991
37157
39744
38539
37138
39947
35339
38794
37380
40198
39984
38879
40761
40262
41244
34958
38169
37271
37186
39180
40583
37415
41315
39601
39173
37160
38165
38267
39448
37715
38572
38389
38522
38703
39872
38298
38046
35262
38312
37540
42404
39824
38886
36681
36774
39947
40157
41738
40288
41418
37466
37344
39530
41208
38519
39193
37534
36989
42453
40535
37649
38865
45326
38832
37370
37706
38195
39926
39195
38609
41245
38498
39709
38047
36158
40012
37197
39027
37009
38584
38077
37522
39276
37972
39230
39526
39272
39639
38364
38304
45623
35890
39617
41403
40746
38904
37462
37833
37923
41541
37605
39878
40921
39187
35143
38446
37837
40674
44457
42592
36783
36912
38671
37138
38460
36054
40047
38759
37462
42491
39319
41424
37527
39556
40376
37999
41473
37166
36327
38533
42704
46646
41708
38092
38587
40674
39174
37343
46676
38216
39259
40955
38220
37593
39124
41126
42259
41545
39273
39294
41270
39982
36101
38611
38220
37582
37198
38002
37255
42596
43827
40646
36232
41156
37449
36869
37954
37768
39056
39746
36325
40142
37439
37500
41344
39565
38797
38605
39423
42584
39942
40570
35816
38495
37270
36091
40269
37424
37951
39187
37129
40760
37022
40545
40882
44579
37020
36524
39477
36897
39620
39621
37895
38294
40978
37669
40220
39309
38187
36054
40121
38499
38344
37621
40366
39281
37684
35988
39138
37497
41483
40531
40162
38127
38121
37289
41053
42375
40168
38484
37739
38605
37650
39782
37221
38272
40059
42493
39361
39899
38304
39967
35367
36668
41075
38517
40290
43240
37466
36392
40276
38261
37959
38301
38166
41619
36642
42899
38043
38759
38856
39107
38152
40295
38504
42525
41460
39807
35158
38095
39473
39375
37215
40132
39890
38551
37808
38711
40766
37627
37176
38507
41189
40883
40268
37780
40933
41651
38940
36893
38011
36067
38339
42439
37943
39063
35865
40519
38174
38670
36365
38410
35217
37194
37693
36718
36953
38874
40635
38272
36087
37022
38553
37336
38806
36906
40644
36947
39914
38227
40062
37190
36208
40647
38775
39864
38921
41284
39071
39397
37339
38822
39269
37547
37690
38806
37176
39041
36123
37287
40576
41875
39285
38962
38520
39086
40565
39413
36429
38743
37359
38779
37354
46645
36526
36940
37749
40775
38689
36192
39250
35578
38252
37728
37334
38932
38211
41820
37207
36497
38795
39092
40500
37824
37043
42788
39596
40065
39668
38341
39334
38138
40704
37219
38728
40523
37963
37310
38886
37335
40351
39083
46245
39389
40741
42023
41232
38805
40555
38263
37959
36231
37500
36805
38774
37970
41535
41472
37979
36810
39963
41931
37141
36994
36521
37620
38655
40554
37820
41529
40083
35800
37761
38221
39379
37302
38990
38058
39807
34937
37565
38674
41933
39743
37089
39247
37013
39892
36207
38256
37114
40407
38391
37222
36383
37930
40873
37240
39916
38491
41146
37554
37697
38542
39085
39094
39109
38985
36718
39371
40306
38062
40314
38903
39270
38883
36152
40561
37917
43875
38850
38168
40295
36956
40123
42458
35591
38132
36623
37926
40184
37027
36061
37816
37589
38992
41975
39723
39543
39021
39010
41144
41014
40804
40496
37966
37293
38135
36722
36619
38505
40561
37771
39772
39612
38146
40029
38424
38675
39551
39672
37720
40227
38800
40416
40019
40170
39067
46148
38127
37677
36129
38009
39675
38191
39542
38244
39226
37411
44413
39781
36735
41787
38803
36311
40127
38907
41006
39475
40650
42479
38319
38549
37686
42511
41877
39191
36977
41307
38538
36430
37037
38831
38523
40999
40240
38742
41639
40562
37445
37350
38939
38819
45465
39890
36896
39208
41943
39769
37774
38780
43020
37767
36801
40887
37387
39071
38360
37586
38613
41777
40866
37875
38682
36216
45605
39433
38058
39312
38975
36431
37083
37473
40026
39948
40033
40645
41545
38969
40175
37256
40541
38293
40331
37708
35831
36140
39953
37305
36083
38836
39934
38698
36039
