7685
7747
7702
7561
7632
7614
7723
7674
7677
7654
7526
7682
7685
7681
7620
7587
7590
7622
7606
7738
7594
7598
7550
7672
7672
7532
7671
7704
7614
7625
7674
7666
7651
7642
7675
7662
7676
7595
7614
7647
7653
7726
7683
7699
7677
7632
7651
7696
7624
7621
7631
7599
7596
7651
7721
7601
7751
7661
7638
7657
7654
7692
7653
7607
7518
7675
7682
7565
7678
7671
7675
7670
7673
7589
7671
7611
7688
7631
7686
7640
7642
7701
7592
7656
7666
7642
7653
7654
7546
7719
7625
7601
7715
7645
7677
7663
7676
7648
7543
7651
7601
7661
7736
7620
7618
7552
7642
7590
7597
7667
7655
7591
7665
7647
7712
7703
7578
7548
7628
7639
7544
7654
7590
7767
7530
7619
7597
7766
7706
7673
7667
7592
7648
7668
7666
7663
7668
7729
7659
7609
7686
7569
7586
7646
7573
7658
7562
7585
7611
7630
7645
7627
7640
7734
7646
7591
7722
7669
7659
7583
7676
7711
7735
7745
7702
7555
7554
7579
7659
7650
7667
7557
7690
7651
7699
7720
7671
7642
7675
7691
7661
7650
7680
7634
7640
7634
7653
7668
7659
7684
7661
7631
7692
7593
7659
7662
7659
7640
7625
7598
7713
7653
7573
7668
7598
7730
7637
7750
7600
7679
7724
7616
7635
7767
7738
7598
7635
7567
7523
7684
7562
7621
7667
7672
7670
7572
7736
7677
7570
7634
7647
7564
7592
7720
7665
7630
7636
7659
7663
7656
7680
7671
7593
7677
7654
7718
7619
7658
7737
7621
7736
7619
7557
7613
7668
7635
7685
7705
7773
7650
7658
7669
7616
7711
7677
7664
7653
7646
7766
7647
7706
7649
7649
7616
7575
7644
7618
7615
7528
7722
7708
7670
7650
7630
7596
7589
7682
7620
7731
7566
7751
7627
7740
7651
7709
7588
7636
7733
7780
7756
7721
7702
7617
7623
7643
7640
7620
7656
7640
7600
7595
7638
7703
7627
7648
7621
7615
7654
7626
7632
7752
7680
7671
7620
7693
7735
7486
7631
7694
7682
7687
7635
7727
7628
7751
7629
7612
7690
7607
7601
7684
7611
7719
7731
7591
7686
7704
7742
7673
7607
7611
7653
7612
7481
7634
7717
7656
7712
7668
7607
7641
7654
7716
7715
7618
7802
7601
7585
7724
7689
7654
7674
7597
7622
7632
7676
7539
7729
7552
7582
7664
7703
7755
7635
7697
7699
7681
7747
7702
7650
7675
7630
7632
7642
7549
7693
7597
7746
7563
7629
7645
7572
7602
7708
7645
7637
7659
7657
7597
7657
7627
7602
7829
7709
7695
7619
7653
7659
7647
7656
7616
7576
7606
7657
7648
7678
7635
7698
7713
7661
7629
7646
7641
7678
7693
7761
7611
7692
7633
7645
7639
7595
7642
7590
7600
7673
7689
7587
7709
7700
7627
7666
7631
7589
7621
7628
7638
7656
7675
7613
7571
7653
7612
7635
7644
7618
7644
7663
7693
7616
7644
7663
7607
7558
7632
7623
7687
7692
7653
7682
7607
7698
7596
7672
7631
7617
7646
7624
7583
7644
7576
7626
7680
7635
7661
7686
7488
7675
7695
7666
7679
7630
7588
7700
7674
7795
7652
7610
7740
7667
7678
7673
7531
7560
7659
7583
7653
7668
7735
7671
7680
7665
7639
7703
7687
7628
7608
7665
7559
7631
7584
7641
7687
7586
7631
7704
7631
7657
7718
7622
7625
7651
7705
7608
7689
7642
7651
7580
7741
7663
7664
7740
7560
7572
7591
7703
7723
7689
7628
7639
7678
7679
7636
7633
7720
7665
7680
7684
7602
7720
7674
7637
7655
7589
7657
7514
7611
7686
7698
7673
7737
7721
7680
7649
7732
7675
7651
7669
7645
7581
7643
7699
7708
7656
7518
7598
7686
7635
7597
7639
7743
7663
7606
7642
7626
7620
7645
7714
7752
7640
7571
7596
7677
7618
7648
7729
7693
7672
7640
7650
7637
7687
7599
7672
7682
7592
7741
7753
7662
7670
7702
7670
7593
7629
7582
7614
7606
7629
7589
7678
7698
7633
7668
7653
7624
7707
7628
7745
7634
7694
7497
7647
7601
7667
7658
7659
7673
7679
7598
7635
7611
7670
7607
7684
7670
7612
7644
7659
7692
7698
7602
7568
7686
7688
7712
7752
7724
7638
7547
7741
7679
7608
7666
7690
7599
7566
7700
7690
7586
7749
7718
7724
7616
7687
7642
7655
7619
7712
7665
7650
7657
7612
7578
7667
7650
7625
7575
7699
7626
7588
7610
7663
7732
7625
7662
7614
7690
7619
7696
7682
7673
7638
7686
7663
7723
7657
7661
7571
7605
7590
7639
7693
7632
7679
7660
7772
7607
7708
7659
7662
7553
7661
7600
7712
7652
7646
7633
7590
7621
7646
7713
7664
7663
7728
7716
7652
7715
7706
7562
7691
7742
7664
7638
7679
7610
7670
7734
7744
7559
7599
7649
7637
7718
7594
7680
7611
7663
7710
7723
7640
7666
7639
7659
7539
7691
7673
7629
7531
7604
7652
7616
7689
7620
7629
7616
7623
7670
7675
7684
7706
7657
7605
7678
7674
7653
7666
7688
7623
7587
7654
7673
7568
7706
7678
7560
7566
7643
7675
7620
7620
7672
7722
7570
7671
7756
7652
7591
7725
7631
7677
7661
7724
7674
7785
7639
7634
7689
7615
7670
7642
7597
7763
7679
7734
7598
7607
7628
7718
7619
7692
7675
7659
7661
7738
7747
7596
7667
7631
7606
7646
7643
7587
7680
7622
7619
7709
7646
7725
7587
7695
7648
7699
7691
7635
7632
7627
7631
7672
7630
7655
7674
7641
7621
7717
7773
7717
7628
7682
7617
7686
7600
7639
7752
7650
7657
7656
7658
7665
7662
7602
7649
7664
7624
7667
7675
7612
7616
7659
7683
7651
7649
7745
7705
7643
7733
7729
7659
7585
7662
7591
7626
7571
7716
7660
7615
7638
7579
7705
7618
7679
7626
7639
7659
7699
7642
7632
7667
7592
7585
7650
7641
7604
7614
7711
7665
7639
7712
7587
7706
7570
7617
7686
7661
7631
7657
7604
7695
7610
7551
7632
7626
7737
7629
7605
7654
7588
7744
7601
7627
7647
7684
7632
7571
7653
7601
7696
7662
7686
7661
7734
7684
7700
7636
7631
7606
7743
7619
7690
7602
7640
7590
7734
7686
7680
7647
7652
7564
7594
7584
7610
12572
12493
12474
12507
12573
12529
12524
12509
12589
12445
12542
12440
12499
12582
12608
12570
12462
12613
12528
12516
12520
12545
12444
12474
12576
12405
12585
12471
12618
12456
12466
12545
12436
12496
12502
12475
12465
12497
12538
12446
12455
12378
12574
12525
12607
12525
12426
12493
12552
12653
12531
12512
12404
12431
12574
12597
12503
12482
12505
12494
12502
12515
12567
12531
12396
12454
12563
12501
12471
12435
12546
12532
12508
12419
12525
12478
12583
12487
12485
12472
12623
12500
12575
12494
12484
12601
12474
12393
12502
12531
12551
12551
12537
12471
12540
12541
12621
12519
12515
12555
12423
12468
12473
12428
12517
12393
12548
12535
12503
12588
12626
12484
12429
12547
12565
12500
12505
12420
12532
12517
12572
12469
12474
12423
12545
12503
12455
12484
12545
12598
12457
12581
12623
12468
12558
12577
12419
12471
12480
12657
12457
12536
12585
12564
12523
12666
12611
12534
12572
12519
12426
12559
12514
12599
12464
12516
12439
12436
12492
12421
12536
12510
12531
12412
12486
12576
12515
12480
12412
12435
12424
12437
12518
12476
12534
12430
12645
12584
12511
12508
12541
12491
12516
12455
12500
12482
12494
12548
12444
12367
12538
12411
12453
12439
12498
12604
12583
12555
12576
12604
12543
12601
12484
12592
12597
12569
12514
12525
12530
12539
12572
12449
12600
12549
12449
12622
12374
12513
12488
12457
12502
12561
12424
12429
12628
12452
12610
12463
12465
12443
12452
12496
12474
12464
12594
12524
12625
12607
12695
12546
12528
12494
12541
12563
12441
12431
12586
12500
12438
12675
12455
12587
12532
12519
12445
12551
12504
12486
12472
12381
12621
12507
12494
12560
12488
12542
12491
12445
12476
12601
12539
12448
12468
12529
12372
12656
12593
12428
12392
12545
12509
12606
12490
12563
12404
12557
12424
12395
12537
12482
12473
12581
12611
12520
12471
12547
12410
12663
12446
12526
12428
12493
12532
12465
12570
12427
12491
12481
12490
12548
12411
12463
12438
12613
12456
12620
12634
12497
12453
12556
12542
12592
12511
12432
12477
12403
12468
12556
12405
12580
12513
12429
12534
12507
12349
12606
12470
12580
12581
12486
12493
12389
12558
12425
12549
12491
12525
12547
12485
12469
12555
12324
12466
12421
12557
12562
12470
12436
12456
12513
12610
12515
12498
12541
12464
12534
12510
12526
12596
12528
12534
12646
12578
12513
12507
12462
12591
12622
12480
12529
12535
12432
12536
12478
12586
12433
12564
12540
12494
12383
12561
12503
12581
12505
12420
12490
12528
12579
12500
12436
12449
12469
12552
12531
12528
12561
12641
12604
12537
12574
12412
12386
12497
12409
12502
12567
12519
12542
12607
12523
12444
12498
12457
12412
12466
12493
12518
12546
12569
12519
12365
12457
12516
12530
12565
12457
12527
12525
12478
12515
12495
12532
12375
12469
12469
12427
12485
12419
12572
12612
12438
12481
12338
12425
12434
12483
12341
12629
12579
12473
12595
12477
12408
12569
12508
12520
12583
12422
12446
12586
12669
12514
12450
12487
12583
12421
12530
12577
12545
12503
12495
12516
12431
12508
12426
12536
12564
12526
12586
12459
12508
12536
12485
12524
12466
12492
12479
12529
12606
12580
12469
12431
12468
12436
12667
12447
12459
12489
12441
12482
12501
12405
12532
12508
12478
12519
12590
12462
12581
12545
12484
12560
12560
12663
12470
12625
12475
12578
12545
12493
12587
12529
12501
12546
12436
12441
12480
12480
12535
12554
12443
12571
12509
12518
12590
12526
12563
12552
12449
12402
12527
12514
12613
12468
12475
12504
12415
12414
12624
12590
12526
12520
12533
12492
12600
12549
12467
12527
12532
12468
12508
12527
12514
12427
12578
12427
12456
12532
12590
12519
12525
12424
12528
12450
12538
12553
12540
12559
12567
12529
12443
12465
12484
12557
12569
12410
12491
12499
12523
12577
12570
12514
12586
12535
12588
12442
12492
12497
12520
12553
12514
12532
12491
12582
12477
12453
12502
12590
12572
12503
12549
12602
12391
12402
12391
12495
12579
12556
12479
12480
12598
12532
12475
12508
12527
12573
12553
12504
12611
12467
12488
12497
12553
12476
12564
12503
12444
12596
12446
12564
12576
12556
12427
12539
12578
12521
12531
12436
12397
12420
12527
12467
12444
12591
12509
12564
12496
12585
12557
12504
12463
12492
12475
12477
12512
12542
12421
12455
12537
12543
12560
12515
12455
12439
12449
12537
12567
12540
12520
12556
12565
12516
12602
12538
12545
12462
12395
12542
12481
12443
12538
12454
12482
12520
12529
12474
12519
12553
12451
12583
12571
12571
12487
12481
12600
12548
12619
12528
12434
12536
12521
12463
12398
12556
12545
12460
12502
12488
12566
12506
12516
12475
12486
12553
12503
12500
12444
12540
12453
12483
12423
12425
12563
12499
12503
12481
12485
12511
12511
12477
12434
12425
12526
12476
12561
12553
12526
12585
12407
12552
12591
12639
12493
12616
12474
12495
12484
12530
12444
12548
12556
12545
12540
12483
12513
12386
12616
12506
12573
12450
12506
12483
12553
12412
12441
12455
12531
12589
12512
12484
12542
12618
12537
12524
12561
12623
12495
12563
12441
12477
12477
12518
12532
12570
12499
12489
12564
12504
12462
12600
12486
12512
12474
12573
12531
12484
12490
12522
12520
12502
12454
12598
12598
12413
12518
12512
12474
12562
12575
12514
12490
12473
12493
12567
12616
12518
12457
12538
12560
12582
12489
12464
12500
12576
12486
12419
12522
12385
12594
12571
12496
12371
12560
12433
12546
12534
12482
12541
12479
12468
12525
12550
12593
12397
12492
12588
12571
12513
12335
12426
12419
12526
12506
12487
12405
12505
12564
12489
12460
12439
12479
12503
12565
12549
12527
12493
12446
12371
12365
12463
12467
12507
12552
12544
12522
12425
12462
12497
12387
12451
12481
12449
12508
12516
12466
12595
12382
12509
12463
12378
12651
12458
12435
12635
12418
12457
12489
12470
12579
12505
12496
12474
12508
12432
12468
12567
12538
12603
12474
12472
12488
12460
12421
12526
12527
12530
12654
12533
12565
12614
12463
12528
12496
12519
12477
12504
12557
12490
12408
12565
12481
12618
12425
12614
12549
12488
12418
12441
12477
12428
12477
12565
12541
12595
12395
12477
12415
12513
12419
12410
12462
12493
12465
12624
12481
12573
12417
12531
12491
12490
12534
12434
12472
12455
12496
12408
12528
12447
12539
12521
12515
12535
12461
12531
12575
12326
12539
12570
12470
12599
17754
17624
17814
17622
17646
17669
17634
17804
17707
17629
17677
17670
17586
17659
17711
17733
17770
17629
17588
17695
17720
17642
17773
17696
17755
17721
17704
17918
17586
17905
17675
17657
17738
17630
17719
17838
17723
17682
17664
17693
17699
17668
17739
17741
17739
17656
17620
17484
17715
17800
17696
17766
17776
17799
17666
17721
17671
17708
17431
17753
17558
17632
17672
17727
17652
17641
17759
17637
17852
17658
17785
17726
17838
17886
17721
17620
17709
17661
17722
17696
17747
17807
17770
17636
17715
17612
17748
17779
17732
17674
17689
17594
17638
17736
17690
17821
17750
17709
17609
17727
17767
17804
17808
17604
17804
17666
17594
17746
17748
17754
17698
17647
17703
17742
17664
17598
17693
17626
17782
17722
17648
17729
17671
17647
17797
17759
17751
17675
17759
17590
17759
17726
17630
17856
17780
17703
17646
17670
17704
17657
17701
17713
17634
17671
17672
17626
17611
17815
17734
17590
17707
17789
17676
17595
17727
17715
17562
17656
17734
17709
17624
17615
17772
17729
17675
17692
17594
17633
17647
17745
17717
17733
17638
17657
17666
17834
17695
17850
17729
17655
17677
17731
17605
17553
17807
17613
17630
17580
17701
17762
17714
17764
17818
17618
17671
17812
17854
17503
17801
17784
17692
17633
17618
17622
17754
17637
17675
17861
17773
17752
17744
17592
17713
17692
17707
17762
17756
17758
17703
17731
17889
17779
17701
17602
17760
17677
17659
17657
17670
17622
17710
17572
17654
17666
17752
17619
17685
17694
17634
17781
17728
17616
17675
17670
17819
17733
17701
17720
17616
17836
17647
17805
17718
17645
17666
17768
17790
17720
17835
17606
17645
17827
17526
17801
17619
17757
17730
17726
17753
17807
17590
17798
17589
17680
17718
17552
17745
17672
17699
17622
17611
17595
17654
17673
17731
17726
17758
17710
17546
17607
17815
17696
17819
17713
17705
17736
17626
17789
17729
17698
17684
17684
17753
17529
17516
17569
17606
17746
17800
17657
17731
17715
17618
17558
17597
17729
17688
17612
17722
17644
17599
17575
17688
17711
17719
17607
17656
17666
17740
17876
17673
17709
17787
17692
17595
17583
17781
17656
17628
17789
17721
17515
17681
17639
17581
17599
17657
17666
17684
17737
17741
17714
17605
17612
17614
17826
17629
17774
17811
17804
17689
17712
17631
17640
17691
17638
17799
17593
17714
17643
17806
17684
17631
17794
17798
17685
17591
17644
17578
17685
17788
17725
17678
17785
17592
17746
17830
17707
17734
17603
17703
17772
17701
17623
17695
17786
17585
17691
17660
17643
17776
17679
17580
17752
17808
17624
17797
17639
17720
17625
17625
17576
17613
17697
17773
17635
17636
17618
17736
17732
17829
17716
17790
17540
17667
17682
17674
17789
17760
17753
17618
17643
17667
17770
17661
17580
17702
17591
17637
17694
17807
17752
17686
17727
17637
17802
17533
17744
17560
17775
17746
17803
17735
17747
17876
17571
17644
17746
17544
17661
17602
17639
17697
17753
17640
17713
17771
17746
17664
17759
17807
17641
17635
17675
17664
17702
17595
17746
17648
17556
17687
17762
17639
17645
17876
17719
17663
17746
17821
17652
17639
17614
17577
17695
17695
17649
17702
17785
17613
17668
17570
17684
17727
17643
17549
17674
17724
17675
17605
17694
17760
17697
17582
17768
17674
17711
17759
17826
17640
17722
17701
17608
17750
17625
17826
17856
17664
17765
17685
17742
17666
17693
17808
17616
17679
17599
17645
17734
17627
17644
17677
17645
17779
17656
17711
17639
17857
17710
17625
17680
17766
17719
17745
17625
17697
17868
17751
17635
17650
17622
17675
17682
17716
17557
17689
17713
17802
17704
17620
17706
17672
17730
17668
17703
17783
17695
17709
17560
17691
17611
17599
17739
17868
17626
17623
17698
17771
17641
17731
17846
17678
17833
17662
17691
17666
17815
17707
17702
17687
17788
17652
17741
17708
17650
17715
17767
17628
17608
17729
17686
17696
17664
17549
17605
17735
17598
17795
17756
17461
17622
17696
17600
17568
17683
17483
17832
17635
17697
17550
17617
17732
17577
17670
17749
17828
17739
17848
17677
17680
17683
17691
17738
17666
17633
17683
17567
17663
17682
17729
17790
17735
17687
17710
17648
17672
17705
17589
17809
17747
17543
17599
17743
17694
17686
17541
17796
17766
17599
17714
17720
17754
17656
17664
17801
17593
17721
17611
17696
17604
17664
17714
17583
17738
17740
17716
17801
17844
17619
17663
17690
17749
17657
17603
17635
17714
17768
17562
17812
17699
17581
17547
17763
17694
17624
17680
17598
17697
17666
17832
17677
17727
17665
17590
17782
17653
17858
17715
17722
17549
17650
17593
17761
17744
17692
17592
17551
17679
17749
17606
17770
17540
17849
17537
17580
17484
17661
17652
17622
17748
17643
17700
17664
17662
17729
17506
17566
17829
17659
17640
17784
17739
17671
17677
17833
17830
17613
17809
17630
17761
17818
17731
17569
17677
17634
17754
17691
17806
17625
17636
17714
17735
17687
17775
17665
17692
17695
17655
17601
17689
17521
17600
17750
17731
17842
17577
17735
17752
17680
17733
17756
17577
17611
17682
17684
17705
17788
17687
17578
17644
17727
17659
17701
17752
17690
17601
17628
17753
17708
17671
17648
17722
17710
17647
17839
17770
17819
17701
17619
17590
17681
17773
17676
17781
17734
17569
17625
17614
17667
17689
17796
17662
17769
17625
17786
17677
17751
17796
17721
17701
17649
17853
17582
17597
17674
17584
17679
17755
17593
17730
17648
17808
17689
17644
17616
17629
17682
17672
17740
17623
17645
17721
17655
17669
17647
17783
17780
17655
17841
17746
17616
17849
17709
17636
17778
17737
17728
17615
17644
17737
17501
17736
17801
17619
17536
17715
17673
17604
17719
17788
17773
17605
17769
17699
17739
17510
17660
17726
17793
17610
17809
17684
17765
17668
17605
17608
17686
17599
17730
17682
17762
17723
17634
17736
17722
17691
17559
17735
17574
17696
17913
17616
17536
17626
17767
17640
17669
17737
17762
17593
17798
17653
17746
17753
17738
17665
17659
17593
17701
17711
17763
17733
17664
17746
17569
17796
17801
17684
17718
17710
17735
17549
17706
17698
17606
17608
17581
17669
17626
17661
17597
17637
17773
17648
17628
17670
17753
17778
17731
17712
17641
17717
17656
17661
17814
17793
17738
17702
17787
17652
17697
17710
17721
17712
17629
17558
17706
17675
17783
17649
17580
17730
17563
17632
17673
17822
17684
17654
17664
17695
17727
22907
23092
23050
23021
23146
22962
23192
22821
23017
22994
22952
22890
22936
22961
22827
23018
22942
23059
22987
22909
23113
23105
22962
22975
22960
23143
22988
22906
23221
22943
23001
22734
22927
22973
23152
22937
22983
23037
23043
23025
22983
22873
22989
23156
22916
22901
22998
22909
23035
22939
22896
22997
23069
22986
22991
23098
22992
23232
23106
22997
22959
23062
22882
22953
22900
22961
23154
22991
22958
22951
22886
22980
22919
22961
23041
22938
22835
22778
22919
23032
22988
23037
22994
22961
23000
22990
22806
23018
22933
22846
23018
22976
23063
22858
22918
22930
22898
22841
23033
22814
23066
22974
22897
22761
22952
22962
23063
22976
22948
23130
23113
22926
23038
22973
23031
22957
23103
23001
22927
23094
22982
23094
23077
23140
22898
23000
23009
23045
22967
22882
22917
22986
22945
22936
22954
23080
22940
23177
22890
22846
22916
22988
23030
22981
22991
22920
22957
22958
23101
23099
23047
22942
23162
22881
23047
22974
22827
22960
23041
23168
22920
22999
23066
22903
22970
22889
22828
23089
23074
23026
22796
22950
22908
23091
23021
22955
23005
22921
22942
23035
23010
22950
23052
22942
23003
22950
23107
22954
23227
22979
22923
22859
22894
23133
23020
23018
22889
22987
23030
22959
23004
23002
23026
22944
23019
22909
23053
22903
23107
23028
23018
22860
22894
22938
23005
22895
22911
22935
22903
22939
22898
22987
22966
22958
23080
22990
23079
22938
23009
22947
22802
22943
22947
23140
22809
22990
22998
22761
23123
22930
23041
23104
22889
22902
23134
22862
22905
23023
22877
22887
23052
23094
22964
23061
22991
23009
22946
22913
22932
22967
23009
22975
22993
23146
22983
23108
22960
23048
22881
22916
22995
23020
23135
22894
22792
22839
22967
23088
23029
23006
22884
23082
22912
22983
22908
23067
22906
23157
22984
22946
22947
22994
22969
22848
22973
23013
22939
23153
22952
22977
23041
22892
23022
22980
22981
22956
23118
22986
23066
22935
23123
23071
22930
23021
23221
23058
22947
22986
23017
23038
23142
23039
23017
22831
22944
22981
23035
23072
22986
22943
22798
22993
23101
22901
22963
23077
22960
22920
23118
23108
22984
23081
22891
22949
23103
22960
23036
22869
23003
23277
23101
23157
23025
22855
22923
22891
23016
23044
22971
23022
22828
22949
23016
23193
22967
22961
23009
23010
22951
22924
23035
22978
23074
22948
23051
23004
22926
23105
23020
22989
23126
22999
23200
23168
23093
23119
23003
23079
23007
22850
22943
23105
23042
23087
22980
22906
23051
23037
23077
23035
22829
23096
22992
22977
23050
22960
23013
22963
22879
22930
23062
22856
23001
22828
22844
23012
22902
22962
22945
22963
23037
22946
23020
23039
23092
22972
23015
23088
22934
23119
23010
23111
22869
22956
23056
22920
23018
22881
22824
22915
22891
23001
22969
22967
23082
22906
22940
23065
22993
23047
23035
23024
22910
22963
23093
23020
22896
22889
23030
23016
22936
22878
22895
22974
22947
22910
22891
22918
23029
22936
22937
23023
23063
22978
22900
22838
22907
23008
22944
23080
22956
22968
22793
22950
23147
22989
22843
22902
22968
22909
22948
22996
23177
22966
22687
22896
23120
22928
22917
22896
22989
22983
22869
23170
22925
22988
22951
23014
23083
23066
23039
22849
23075
22914
22937
22995
23125
22729
23114
22807
22952
23140
22983
22955
22905
22928
23126
23184
22969
23027
23010
22987
23066
23072
22949
23118
22968
22821
22992
23050
22963
23017
22958
22773
22908
23033
22908
22995
22990
23121
23007
22928
23028
22953
23026
22932
23026
22960
22870
23047
22921
23095
22993
22989
22878
23091
22973
22949
22925
22781
22906
23031
22995
22955
22946
22899
22964
22983
23020
22991
22845
22904
22952
22945
22946
23115
23003
23027
23081
22906
22987
22933
23010
23073
22972
22951
23135
23019
23018
22794
23032
22970
22812
22941
22981
22850
23036
23100
23083
22991
23030
22980
23026
22954
23127
22804
23058
23003
23018
22884
23066
23030
22875
23042
23054
23012
22844
22891
23034
23127
22824
22878
23054
22983
22929
22962
23081
23095
23004
22951
23105
22869
22983
23146
22975
22870
22834
23025
22947
23077
22985
22866
23126
22903
23044
23005
22982
22996
22988
22988
22923
22935
22827
23049
22999
22917
22889
23030
23083
23130
22973
22927
23044
22999
23039
22796
23070
22978
23059
22957
23041
22973
23183
23003
22862
23048
22944
22966
23045
22873
22996
22998
22931
23086
22881
22934
23115
22958
23015
22991
23067
22942
22961
23048
22952
22993
22984
22948
22960
22982
23054
22915
22902
23047
22956
22910
23108
23042
22971
23110
22925
22933
23007
22903
22871
22897
22933
23044
23078
23052
22910
23142
22870
22894
23105
23045
22855
23081
22978
23008
22922
22994
22945
23213
22905
23090
23052
22966
22934
22953
22847
23024
23088
22946
22930
22871
23017
23032
23122
22934
22982
22836
22932
22945
22945
22850
22921
22956
22912
22981
23116
22977
22963
22888
22827
22906
23035
23071
23000
22905
22973
22876
23012
23101
23013
22897
22882
23012
22952
22989
22998
22878
22981
22924
22902
22970
22863
23040
23037
22928
22980
23034
22950
23130
22907
23107
22995
22965
22963
23029
23082
22918
23015
23071
22984
23065
23008
22861
23015
22726
23063
22748
23000
22948
23001
22937
22798
22892
23036
22865
22882
23031
23062
23026
23072
22950
23003
22881
23123
23011
22947
23014
23087
23071
22934
23118
22843
22994
22984
23262
22851
23093
23149
23033
23054
23058
22852
23058
23115
22776
23037
23045
22970
22895
22894
22872
22877
23087
22885
23170
22918
23031
22960
23157
23030
22894
22992
22903
22927
22891
23137
23030
22940
23098
22944
22895
22798
23027
22961
22937
23043
22895
22920
23095
23069
22875
22941
22985
23028
23130
23003
23057
22990
23028
22963
22895
22915
23087
23005
23129
22901
22895
23093
22879
22905
22899
23046
23045
23117
22872
23093
23123
22910
22999
23009
22962
23099
23031
22963
23154
22875
22995
22789
22785
23022
23004
22930
23043
22925
23004
22966
22978
22874
23031
23081
22915
22899
22873
23026
22947
23019
23033
22965
22984
22868
23064
23075
22919
22982
22783
22924
23062
22886
22988
22934
22868
23132
22954
22918
22991
23104
23004
22910
22975
22767
22855
22994
22963
22972
22925
22896
23038
23068
22991
22819
23168
23017
23000
23002
23071
22967
22897
22921
22969
23041
22870
23017
23124
23055
22880
28449
28627
28492
28590
28409
28519
28686
28601
28498
28603
28608
28442
28732
28473
28492
28725
28412
28765
28599
28554
28513
28648
28592
28553
28536
28625
28597
28581
28629
28337
28585
28544
28638
28638
28628
28751
28559
28450
28685
28579
28395
28693
28587
28632
28601
28460
28644
28573
28609
28743
28683
28570
28561
28755
28576
28634
28615
28657
28600
28650
28471
28609
28680
28511
28452
28706
28582
28627
28569
28657
28427
28614
28573
28546
28791
28704
28502
28535
28628
28562
28600
28563
28576
28626
28650
28736
28694
28580
28568
28713
28795
28588
28581
28551
28501
28543
28560
28618
28667
28665
28715
28468
28482
28682
28415
28552
28489
28692
28575
28655
28599
28703
28503
28804
28555
28714
28733
28598
28605
28567
28498
28564
28431
28514
28533
28654
28642
28568
28591
28593
28591
28559
28532
28549
28516
28451
28707
28596
28588
28433
28657
28615
28556
28701
28681
28623
28568
28747
28421
28581
28663
28618
28619
28536
28712
28495
28648
28644
28564
28627
28751
28532
28396
28569
28629
28524
28564
28662
28708
28610
28753
28736
28656
28453
28613
28610
28637
28648
28585
28612
28609
28387
28426
28615
28660
28601
28654
28575
28615
28551
28449
28522
28606
28549
28444
28559
28533
28815
28496
28499
28522
28700
28320
28641
28695
28579
28619
28551
28607
28564
28516
28608
28578
28545
28759
28590
28627
28649
28693
28668
28539
28393
28582
28735
28619
28509
28631
28576
28433
28556
28601
28730
28533
28589
28621
28545
28562
28461
28565
28572
28463
28579
28722
28365
28589
28493
28454
28591
28696
28678
28528
28539
28552
28531
28619
28625
28555
28453
28494
28565
28616
28552
28562
28598
28533
28377
28738
28790
28560
28479
28506
28683
28763
28574
28839
28601
28580
28621
28617
28673
28587
28510
28572
28635
28567
28546
28489
28422
28493
28655
28635
28753
28425
28555
28576
28403
28468
28477
28720
28578
28595
28611
28582
28628
28580
28661
28630
28645
28376
28612
28562
28768
28677
28730
28629
28590
28712
28566
28520
28746
28436
28759
28768
28447
28571
28564
28597
28530
28460
28667
28649
28616
28660
28424
28617
28644
28801
28685
28728
28743
28544
28581
28513
28638
28739
28446
28665
28630
28434
28686
28663
28559
28562
28547
28581
28482
28561
28752
28420
28594
28534
28667
28561
28608
28418
28573
28587
28515
28564
28546
28485
28513
28719
28539
28524
28408
28639
28752
28583
28642
28581
28630
28554
28375
28642
28657
28481
28645
28665
28668
28655
28338
28700
28714
28748
28672
28644
28685
28767
28715
28479
28585
28565
28737
28630
28617
28513
28692
28575
28581
28634
28529
28689
28610
28622
28550
28692
28517
28652
28708
28559
28491
28485
28568
28579
28427
28575
28551
28724
28591
28605
28598
28521
28558
28692
28614
28683
28697
28806
28616
28512
28742
28570
28626
28501
28524
28522
28669
28562
28551
28427
28446
28609
28631
28716
28588
28466
28637
28662
28744
28762
28609
28339
28619
28674
28612
28671
28804
28570
28548
28639
28756
28542
28678
28727
28693
28612
28687
28373
28690
28536
28652
28537
28576
28588
28544
28533
28602
28603
28548
28730
28885
28583
28556
28600
28641
28725
28578
28612
28459
28511
28409
28637
28628
28754
28742
28646
28609
28531
28498
28476
28616
28713
28667
28790
28532
28566
28588
28636
28577
28715
28521
28728
28716
28450
28617
28607
28488
28493
28802
28579
28665
28395
28421
28628
28506
28525
28684
28531
28572
28614
28661
28692
28651
28505
28633
28593
28701
28611
28572
28386
28811
28439
28462
28563
28374
28689
28476
28695
28563
28421
28547
28590
28662
28593
28766
28714
28467
28569
28694
28558
28615
28549
28594
28506
28577
28694
28661
28496
28679
28760
28633
28769
28675
28631
28567
28789
28693
28457
28665
28550
28722
28510
28629
28659
28529
28579
28519
28587
28579
28671
28749
28747
28709
28680
28642
28527
28645
28538
28484
28606
28674
28580
28732
28497
28594
28570
28644
28501
28695
28753
28699
28643
28803
28556
28594
28629
28568
28560
28662
28574
28592
28503
28563
28554
28548
28413
28760
28438
28540
28659
28490
28545
28716
28437
28736
28693
28449
28721
28691
28517
28521
28383
28512
28630
28569
28698
28348
28600
28459
28462
28539
28592
28788
28582
28420
28658
28470
28600
28547
28712
28620
28632
28531
28571
28670
28680
28698
28501
28634
28490
28632
28439
28452
28770
28503
28609
28380
28554
28501
28597
28476
28549
28656
28479
28708
28499
28687
28764
28742
28473
28664
28643
28511
28732
28530
28656
28610
28533
28599
28689
28582
28687
28614
28743
28510
28569
28421
28627
28657
28670
28618
28611
28513
28582
28530
28510
28590
28709
28652
28652
28485
28806
28538
28615
28575
28629
28548
28514
28603
28561
28496
28533
28622
28513
28508
28721
28361
28692
28643
28591
28601
28625
28640
28432
28685
28636
28481
28627
28657
28597
28556
28643
28669
28645
28651
28521
28768
28496
28585
28492
28574
28589
28413
28623
28615
28584
28541
28709
28464
28570
28459
28408
28682
28581
28655
28597
28565
28449
28535
28553
28492
28637
28705
28713
28658
28553
28629
28597
28727
28793
28602
28603
28604
28505
28665
28453
28471
28595
28581
28670
28708
28566
28614
28592
28624
28612
28576
28650
28530
28555
28480
28703
28502
28715
28554
28487
28541
28806
28567
28657
28610
28616
28671
28539
28653
28776
28583
28509
28552
28635
28830
28609
28521
28559
28622
28810
28394
28766
28511
28619
28463
28651
28479
28576
28649
28453
28659
28517
28475
28622
28442
28613
28623
28743
28585
28423
28762
28531
28684
28549
28775
28468
28695
28511
28660
28671
28542
28480
28636
28534
28595
28629
28590
28655
28765
28551
28554
28766
28676
28623
28343
28622
28584
28547
28517
28625
28500
28800
28677
28481
28637
28666
28634
28550
28463
28543
28503
28637
28740
28540
28805
28605
28497
28524
28602
28751
28442
28622
28452
28497
28535
28647
28400
28628
28600
28648
28434
28646
28692
28610
28567
28616
28498
28371
28391
28551
28513
28591
28551
28523
28795
28612
28566
28292
28605
28572
28646
28517
28639
28590
28590
28564
28447
28740
28625
28713
28507
28567
28769
28636
28677
28716
28639
28604
28583
28469
28556
28610
28595
28581
28605
28709
28512
28625
28569
28686
28496
28553
28600
28616
28593
28573
28670
28636
28422
28684
28698
28602
28497
28632
28514
28722
28710
28504
28591
28539
28596
28628
28604
34377
34400
34559
34222
34468
34362
34259
34072
34372
34316
34411
34514
34238
34320
34280
34307
34372
34321
34280
34331
34430
34253
34419
34308
34229
34382
34152
34270
34171
34362
34426
34545
34217
34285
34356
34382
34243
34217
34454
34347
34330
34364
34414
34250
34592
34456
34224
34381
34149
34262
34334
34431
34585
34489
34179
34243
34309
34196
34234
34288
34265
34310
34214
34319
34497
34168
34406
34413
34291
34294
34302
34345
34317
34192
34427
34436
34248
34388
34152
34335
34063
34466
34416
34356
34309
34401
34430
34176
34226
34437
34597
34384
34379
34395
34366
34214
34357
34324
34350
34361
34242
34419
34532
34230
34345
34416
34092
34386
34395
34554
34389
34447
34236
34340
34402
34309
34483
34463
34336
34396
34413
34268
34391
34343
34339
34295
34395
34397
34467
34434
34458
34418
34260
34408
34196
34485
34254
34388
34374
34269
34126
34289
34480
34310
34334
34211
34152
34381
34287
34354
34422
34164
34553
34255
34397
34299
34280
34179
34179
34334
34287
34473
34080
34311
34303
34398
34321
34271
34382
34472
34318
34246
34321
34438
34295
34328
34384
34250
34562
34344
34480
34315
34352
34441
34424
34107
34399
34437
34472
34500
34229
34442
34207
34404
34266
34175
34447
34246
34309
34331
34213
34487
34353
34313
34278
34505
34360
34273
34349
34241
34427
34013
34592
34403
34222
34295
34400
34307
34419
34093
34273
34335
34345
34423
34183
34151
34343
34235
34348
34232
34372
34414
34234
34155
34212
34474
34326
34150
34114
34520
34431
34154
34295
34217
34337
34294
34306
34432
34436
34311
34304
34290
34292
34329
34234
34374
34268
34244
34341
34393
34264
34513
34244
34306
34380
34390
34324
34476
34375
34346
34285
34421
34229
34213
34071
34296
34248
34327
34297
34373
34416
34311
34375
34102
34338
34452
34506
34335
34295
34257
34107
34212
34326
34409
34193
34357
34103
34509
34269
34355
34448
34305
34435
34431
34266
34450
34179
34322
34327
34328
34543
34348
34362
34331
34435
34401
34404
34238
34450
34406
34287
34450
34281
34296
34384
34417
34248
34090
34483
34304
34398
34415
34224
34388
34548
34449
34171
34200
34385
34367
34134
34246
34460
34257
34292
34418
34232
34276
34322
34208
34309
34357
34376
34630
34424
34205
34316
34346
34421
34350
34462
34334
34365
34403
34387
34403
34356
34328
34315
34299
34310
34338
34250
34505
34434
34263
34311
34380
34344
34248
34275
34327
34394
34345
34315
34298
34329
34405
34249
34607
34465
34146
34321
34448
34329
34364
34212
34193
34608
34528
34183
34399
34648
34348
34410
34292
34222
34354
34350
34204
34235
34283
34345
34376
34379
34442
34499
34257
34207
34156
34210
34225
34328
34444
34175
34297
34224
34233
34292
34424
34332
34451
34293
34285
34248
34282
34161
34328
34438
34447
34406
34509
34443
34225
34363
33925
34334
34301
34604
34449
34275
34404
34356
34443
34459
34285
34504
34320
34396
34324
34518
34358
34463
34233
34279
34315
34290
34253
34463
34230
34299
34378
34511
34295
34268
34502
34283
34462
34197
34396
34252
34430
34572
34361
34393
34309
34411
34309
34430
34325
34251
34269
34345
34365
34313
34398
34244
34202
34283
34213
34067
34418
34249
34267
34333
34294
34124
34333
34202
34375
34409
34339
34326
34331
34327
34365
34457
34163
34330
34342
34248
34322
34104
34228
34277
34277
34311
34162
34435
34390
34234
34341
34321
34220
34314
34438
34352
34325
34284
34277
34571
34382
34297
34430
34189
34318
34314
34290
34455
34203
34329
34439
34334
34370
34200
34513
34489
34428
34329
34327
34270
34293
34218
34278
34255
34407
34277
34473
34472
34211
34212
34264
34452
34488
34373
34143
34326
34524
34385
34158
34478
34299
34206
34509
34466
34487
34416
34378
34344
34401
34403
34298
34359
34129
34438
34430
34268
34478
34430
34551
34252
34376
34124
34434
34530
34279
34254
34290
34419
34321
34217
34285
34298
34313
34288
34138
34207
34270
34451
34351
34299
34389
34180
34200
34334
34519
34306
34547
34405
34312
34169
34463
34343
34502
34334
34272
34321
34398
34181
34249
34375
34420
34562
34435
34344
34413
34209
34370
34262
34507
34348
34237
34455
34203
34286
34324
34110
34307
34261
34426
34254
34473
34494
34391
34376
34397
34137
34130
34374
34448
34410
34353
34306
34464
34365
34217
34479
34221
34265
34271
34598
34495
34310
34296
34282
34214
34268
34224
34189
34319
34311
34370
34319
34293
34389
34280
34333
34326
34489
34351
34396
34277
34258
34413
34361
34218
34498
34396
34254
34368
34202
34229
34436
34479
34462
34313
34264
34314
34233
34455
34587
34310
34222
34543
34341
34199
34019
34433
34268
34215
34375
34579
34312
34313
34320
34246
34470
34098
34270
34346
34288
34232
34551
34310
34301
34363
34309
34393
34439
34383
34653
34418
34562
34299
34331
34315
34358
34387
34397
34278
34291
34235
34510
34295
34438
34295
34224
34433
34567
34212
34451
34158
34420
34521
34251
34197
34270
34137
34459
34292
34434
34296
34324
34466
34338
34276
34437
34337
34388
34291
34304
34245
34342
34184
34300
34501
34483
34249
34313
34280
34519
34444
34258
34210
34341
34480
34307
34233
34210
34256
34250
34282
34435
34509
34275
34178
34125
34384
34378
34393
34353
34353
34189
34447
34187
34356
34190
34259
34381
34391
34133
34239
34218
34290
34340
34276
34220
34488
34315
34334
34379
34132
34266
34357
34369
34419
34264
34137
34295
34421
34184
34347
34394
34266
34091
34262
34236
34268
34347
34124
34410
34343
34283
34220
34399
34296
34330
34389
34273
34410
34209
34411
34098
34282
34425
34213
34138
34382
34404
34484
34236
34230
34330
34307
34209
34297
34253
34267
34345
34266
34194
34335
34169
34256
34465
34320
34241
34287
34369
34383
34167
34478
34233
34254
34302
34394
34552
34254
34415
34319
34520
34328
34503
34334
34314
34353
34195
34232
34393
34374
34239
34333
34528
34330
34291
34192
34348
34375
34165
34364
34281
34207
34325
34279
34494
34435
34367
34443
34313
34327
34380
34383
34261
34322
34344
34401
34377
34463
34506
34397
34109
34285
34464
34110
34273
34499
34381
34413
34184
34271
34412
34385
34498
34300
34318
34342
34098
34246
34302
34295
34394
34428
34332
34473
34325
34217
34184
34460
34287
34461
34307
34158
34458
34397
34518
34268
34294
34122
34311
34231
34588
34316
34433
34348
34202
34440
34070
34373
34190
34439
40178
40235
40063
40058
40042
40403
40290
40132
40258
40345
40332
40178
40174
40259
40223
40107
40234
40019
40468
40197
40102
40132
40039
40072
40069
40138
40184
40127
40180
40302
40077
40258
40197
40264
40156
40167
40038
40156
40082
40256
40244
39980
40077
40310
40201
40027
40311
40221
40290
40064
40254
40126
40136
40142
39971
40003
40284
40175
40002
40219
40096
40207
40160
39883
39933
40092
40234
40301
39924
40034
40298
40117
40302
40115
40154
40079
40212
40132
39882
40093
40072
40410
40161
40042
40246
40296
40117
40203
40309
40374
40097
40031
40085
40317
40293
39978
40148
40242
40210
40003
40140
39976
39975
40231
39968
40113
40193
40019
40251
40216
40046
40148
40147
40298
39983
40056
40166
40051
40130
39977
39923
40197
40203
40335
39959
40160
40016
40177
40132
40079
40007
40087
40139
40052
40282
40129
40132
40210
40290
40185
40085
40214
40088
40222
40177
40136
40102
40105
40140
40337
40247
40118
40320
40124
40056
40028
40104
40199
40227
39939
40075
40389
40108
39977
40312
40224
39916
40285
40000
40073
40348
40013
40192
39942
40112
40173
40109
40255
40148
40102
40103
40106
40180
40114
39960
40034
40157
39999
40231
40147
40371
40084
40072
40118
40281
40075
39996
40092
40167
40335
40155
40050
40406
40088
40269
40284
40072
40180
40095
40150
40130
40157
40152
39944
40059
40139
40090
40226
39893
40180
40122
40027
40134
40108
40071
40292
39865
40221
40244
40100
40097
40329
40122
40162
40119
40024
40120
40098
40099
40157
40232
40144
40088
40025
40065
40192
40156
39892
40089
40125
40144
40082
40354
40101
40164
39876
39814
40130
39970
40346
40157
40055
40188
40086
40067
40149
40192
40094
40180
40266
40193
40075
40096
40148
40226
40033
40299
40068
40208
40012
39992
40196
40082
40114
40301
40043
40254
40084
40295
40022
40306
40104
39986
40138
39954
40113
40268
40247
40097
40053
40263
40310
40121
40407
40176
40227
40229
40043
40162
40222
40096
40212
40121
40226
40081
40156
40219
40283
40051
40214
40181
40272
40327
40133
40141
40271
40156
40256
40172
40216
40073
40166
40276
40305
40167
40137
39996
40110
40074
40104
40161
40356
40350
40199
39978
40208
40086
40234
40248
40261
39976
39856
39997
40004
39944
40240
40051
40184
40265
40198
40107
40159
40135
40135
40085
40176
39913
40276
40027
40058
40173
40136
40095
40258
40039
39991
40274
40062
40161
40067
40166
40231
40183
40119
40372
39931
40173
40041
39989
40298
40013
40003
40142
40046
40160
39967
40059
40332
40106
40239
40103
40203
40173
40133
39833
40058
40140
40138
40172
40039
40192
40141
40167
40312
40348
39917
40229
39990
40074
40154
40222
40126
40178
40078
39968
40288
40065
40118
40055
40233
40023
40192
39998
40213
40184
40227
40350
40208
40166
40181
40290
40138
40305
40079
40059
39986
40139
40180
40246
40292
40310
40276
40072
40098
40113
40056
40238
40079
40194
40214
40076
40158
40107
40164
40110
40262
40042
40134
40327
40308
40268
39918
40080
40167
40248
40256
40376
40139
40175
40256
40460
40225
40220
40288
40021
40128
40372
40366
40327
40105
40050
40277
40121
40248
40075
39897
40185
40104
39950
40379
40222
40199
40195
40234
40058
40091
40127
40108
40239
40294
40104
40148
40112
39980
40317
40115
40205
40286
39867
39956
40265
40286
40212
40227
40324
40234
40143
40212
40084
40255
40161
40174
40049
40016
40122
39945
40048
40107
40154
40133
40177
40190
40128
40387
40083
40245
40105
40236
40316
40290
40160
40054
40180
40106
40058
40158
40241
40075
40161
40000
40125
40082
40170
40176
40110
39980
40221
40110
39916
40058
40337
40175
40123
40163
40291
40297
40274
40309
40035
40053
39982
40112
40222
40209
40113
40245
40253
39958
40216
40099
40126
40034
40123
40004
40265
40341
40259
40117
40053
40357
40229
40296
40132
40356
40324
40024
39998
40246
40113
40093
40096
39901
40117
40048
40039
40204
40236
40226
40217
40144
39872
40089
40259
40015
39983
40117
40055
40024
40070
39948
40116
40053
40068
40054
40197
40093
40149
40162
40366
40326
40158
40054
40144
40237
40152
40148
40215
40189
40193
40077
40126
40230
40176
40128
40047
40112
40116
40003
40265
40243
40113
40317
40182
40116
40050
40056
39932
40276
40178
40168
40283
40232
40050
40300
40325
40182
40268
40135
40002
40131
40227
39942
40140
40244
39921
40156
40296
40227
40204
40143
40011
40220
40135
40202
39982
40363
40218
40104
40076
40112
40491
40083
40014
40223
40158
40128
40000
40151
40208
40235
40058
40071
40195
39946
40110
40106
40268
40293
40227
40084
39862
40128
40177
39816
40015
40042
40241
40108
40130
40239
40200
39999
40266
40210
40121
40129
40358
39991
40056
40148
40068
40123
40277
39915
40036
40225
40295
40211
40172
40226
40142
40048
40093
40121
40278
40010
40030
40254
40169
40134
40016
40293
40209
40107
40269
40087
40208
40126
40158
39985
40171
40262
40228
40090
39996
40124
40161
40110
40110
40037
40051
40062
40144
40238
40288
40211
40140
40295
40063
40023
40117
40127
39989
40256
40306
40245
39960
40245
40077
40215
40192
39968
40089
40284
40133
40359
40129
40173
40110
40192
40147
40184
39938
40516
40092
40219
40119
40181
40163
40117
40214
40094
40095
40167
40232
40050
40168
40184
40155
40037
40366
40189
40055
40209
40381
40088
40158
40222
40239
40133
39968
40333
40007
40117
40124
40029
40091
40134
40210
40064
40110
40076
39940
40119
40275
40096
40034
40436
40034
40491
40119
40066
40138
40138
40148
40073
40210
40141
40281
40366
40068
40228
40279
40219
39978
40216
40225
40069
40118
40204
39960
40123
40007
40060
40029
40032
39905
39920
40177
40059
39938
40337
39993
40108
40061
40197
40190
39988
39925
39978
40300
40130
39954
40144
40299
40047
40237
40035
40229
40202
40091
39961
40184
40239
40000
40383
40266
40035
40287
40058
40059
40395
39998
40127
40163
40200
39968
40133
40231
40044
40130
40074
39920
39819
40186
39997
40210
40177
40221
40177
40047
40248
40138
39912
40164
40123
40120
39893
40047
40176
39979
40252
40199
40001
40291
40146
40164
40214
40333
39902
40400
40399
40066
40121
40159
40061
40164
40159
39961
40095
40149
40393
40087
40259
40052
40048
39941
40135
40010
40016
40189
39991
40323
40076
40150
40088
40197
40212
40068
40441
40255
40299
40079
40238
40122
40108
40219
40263
40439
39933
46148
45820
46272
45971
46020
46061
45902
46047
45794
45917
45955
46031
45891
45895
45886
45949
46049
46009
45838
45877
46084
45797
46289
45959
45891
46127
46099
45795
45923
45990
46069
45979
46029
46193
46065
46043
46110
45998
46055
45997
45917
46007
46129
46003
45933
45913
46089
46137
45869
45968
46105
46201
46093
45961
46189
45962
45860
45776
46080
45756
45997
45991
45863
46137
46299
46234
46213
46049
46073
46157
46155
45997
46263
45859
45904
45873
45989
45758
45868
45970
46037
45951
46097
45950
45894
45951
45908
46005
45975
46079
46008
45832
45820
46101
45878
45870
46111
46158
46112
46114
45972
46285
46054
46063
45770
46250
45981
45859
46225
45903
45857
46121
45993
45888
46041
46002
46009
46023
46022
45990
46141
46041
45916
46071
45930
46131
46034
45906
46253
45963
45968
46149
45964
46018
46143
45874
46177
45900
46056
46105
46106
46105
46079
46274
46172
46032
46195
46048
46236
46012
46095
46045
46049
45913
46108
46153
46257
46050
45892
45930
45933
46077
45898
46040
45960
45915
46128
45940
45928
46081
46152
46119
45981
45858
46239
45845
46196
45875
46198
45919
45792
46022
45979
45878
46143
46013
45985
46019
46051
45924
46139
45781
45825
45748
46025
46008
46036
46148
45898
46025
45880
45978
46061
45980
45896
46078
46142
46064
46125
45871
46033
46092
45919
46167
46043
46057
46052
46036
46004
45991
46072
45841
46049
46184
45872
45890
46086
46057
46101
45982
45907
46081
46012
46005
46137
46117
46054
46140
46200
46033
46071
46154
46177
45819
45850
46062
45930
46121
46040
45893
46198
45943
45933
45865
46152
46078
45854
46050
46042
46101
46091
46146
46002
46206
45932
46057
45901
46122
46182
45727
46159
46030
46047
45778
46139
46144
45952
46042
46043
45816
45733
45903
46250
46034
46053
45990
45985
46079
45925
46302
46098
46014
45886
45955
46125
46214
45888
46074
46133
45839
45927
45971
46037
45993
46035
45919
46108
46028
46021
46083
45830
46064
45899
46138
45961
46304
46072
45931
46211
46012
46108
46046
46225
45865
45875
45824
46023
46106
46113
45873
46009
45889
46171
45984
45755
45962
46218
45873
45992
46138
45888
46112
46078
45909
45934
45970
46018
46087
45937
45984
46070
45898
46165
46022
45853
45902
46121
46140
45893
46030
46020
46001
45827
46098
46171
45979
46120
46066
45950
46279
45901
46447
46137
45846
46160
45997
45750
45883
45740
45956
45964
46029
46073
46210
46095
46174
46350
45902
45819
45930
45882
46055
46131
45929
46125
46076
46047
45977
45905
46058
45844
46210
46108
45832
46073
45847
46151
45916
46144
45911
46051
46166
45912
46069
46063
46129
46083
46012
45987
45971
45971
46098
45867
45943
45659
45662
46022
46154
46237
45877
45934
46033
46118
45806
45917
46059
46199
46139
45914
46249
46035
45860
45821
46137
46131
46145
46012
45833
46100
46018
46064
46114
46047
46167
46012
46026
46053
46039
45974
46197
46166
46149
45967
46082
45963
46124
45986
46047
46176
46132
46140
46084
46079
45952
45833
45871
46056
46011
46026
46022
45898
46054
45690
45983
46009
46153
46059
46179
46048
46156
45924
46022
46079
45994
46124
45785
46078
46072
46025
45745
45914
45902
45978
46282
46164
46020
46034
45786
45912
45994
45984
45994
46024
46113
45851
45924
46083
46012
45815
45999
46145
45915
46177
46009
46046
45908
45958
45865
45996
46006
45851
46031
46177
46021
46154
45870
45875
45754
45923
46064
46024
46115
46171
45937
46068
46045
45855
46098
45962
46082
46170
45981
45902
46047
46194
45986
45947
46089
45852
46101
45885
46080
45938
46322
46132
46157
45840
45865
45956
46072
45985
45868
46009
45922
46149
45910
45991
46272
45900
45806
45854
45995
46026
45966
45935
46037
45973
45977
45965
46154
46131
45841
45896
45986
46165
46053
46165
45990
46142
46157
46030
45951
45922
46095
45955
46110
46009
46217
46205
46025
46040
46085
46353
45956
46216
46084
46193
45904
45944
46145
45869
46188
45870
46047
46016
46099
46062
46074
46162
46006
45886
46072
45837
46150
46172
46150
46147
45816
45976
46186
45976
46007
45853
46047
46213
46110
46114
45836
46245
45956
45990
46100
45987
46117
46112
46012
45911
45956
46132
46022
45925
46106
46099
45909
46173
46008
46018
45992
46116
46030
45919
46142
46031
45953
45978
45927
45929
46131
46038
46002
45987
46016
46041
45925
46065
45980
46155
46262
45928
46162
46077
46067
46246
46075
46103
45910
46098
45945
45979
45979
46140
46245
46134
45803
46031
45988
45724
45947
45938
46055
45944
46039
45751
45795
45922
45974
46303
45904
46096
45999
45950
46192
46042
46137
46031
46141
46278
46159
46036
46070
45883
45712
46084
46179
46020
45959
46060
45964
45925
46154
46028
46140
46151
45985
45820
46000
46270
46168
45829
46227
45966
45926
46082
46055
46057
45642
45870
45638
45912
46023
46093
46291
46063
46038
46017
45630
45757
46117
46046
46008
46036
45948
45956
45973
45812
45871
46332
45934
45919
46240
46241
45747
45846
46217
45725
45969
45894
45914
46018
46009
46212
45939
45908
46038
45631
45859
46075
45731
45902
46129
46128
46003
46045
46138
46271
45980
46011
45952
45979
46102
46005
46145
46234
45884
46068
45955
46086
45736
46070
45974
45997
46087
46102
45802
46264
46159
45913
46073
46006
46059
45761
46118
45936
45925
46107
45940
45914
45890
46025
45965
46031
45875
45911
46015
45979
45985
45971
46280
46081
46152
45839
45946
45990
46178
45879
46051
45930
46000
46072
45879
46031
45946
45852
45989
45841
45989
46030
45895
46075
46124
46093
45948
46018
45903
46166
46100
46024
45950
46207
46118
46011
45926
46075
46006
45823
46011
46045
45738
46236
46013
45971
45866
46035
46118
46143
45980
46059
46149
45864
46005
45969
45820
46019
45809
45889
45972
45957
46011
45918
45900
46243
46112
45925
46068
46025
46317
45861
46285
45900
46163
45952
46027
45861
45929
45929
46212
46163
45861
46148
46000
46097
46058
46121
46135
45910
45864
45796
46142
45831
46030
45898
46075
45946
45938
46047
45746
46289
45890
45938
46197
45957
45947
45893
45959
45880
46059
46018
45990
45839
46106
46047
46140
46067
46054
45939
46013
46044
46004
46175
45982
46100
45828
45891
46060
45929
46365
46010
46109
45974
46193
46089
46145
45991
45984
46139
45820
46053
45961
46004
45992
45913
46063
45671
46054
45900
45920
46053
45892
46005
46100
51728
51920
51848
52058
51965
52045
52031
52027
52088
51634
51951
51991
51744
52060
51814
51718
51921
52164
52059
52009
51892
51940
51773
51866
52034
51949
52008
52053
51895
52033
51828
51980
51941
51819
51924
51954
51954
51876
51707
52034
51959
51835
52052
51791
51862
52035
51992
51880
51933
51728
51828
51989
52092
51687
51984
51631
52034
51910
52003
51815
51846
51930
52044
51921
51961
51954
52113
52162
52101
51789
51939
52061
51758
52044
51994
52008
51722
52148
51723
51843
52035
51989
51951
51931
52109
52228
51776
51975
52022
51950
51891
51884
52143
51993
51858
51740
51827
51899
51629
51919
51982
52147
51831
51894
52136
51982
51938
51856
51984
51658
51783
52166
51792
51882
51852
51951
51960
51828
51693
51816
51849
51634
51984
51617
52022
52084
51867
51793
52016
51861
51953
51733
51645
52035
51826
51879
51930
51819
52086
51960
51913
51887
52059
52134
52059
52045
51846
51840
51821
51992
51864
51872
51712
52043
51988
51948
51958
51990
52008
51979
51801
52003
51746
52034
51758
52012
51823
52004
51978
51913
51907
51881
51573
51645
51976
52070
51887
51818
52038
51879
52043
52036
51707
51918
51978
51829
51895
51946
51913
51915
51874
52045
51910
52169
51943
51820
51847
51994
52062
51843
51856
51818
51914
51833
51862
51846
52000
52106
51839
51552
52026
51954
51753
52054
51939
51939
52117
52102
51933
51735
51702
52050
51976
52028
51847
51865
51831
52127
51816
51932
51855
51975
52019
51789
51959
51911
51835
52131
52021
51926
52021
51761
51777
51772
51871
52074
51886
51924
51817
51977
51857
51946
52020
51953
51919
51985
51939
52014
51818
51803
51915
51910
52042
51692
52066
52096
51888
51612
52080
51940
51878
52227
51920
51871
51887
51700
51889
51630
52097
51868
51930
52009
51930
52036
51885
51943
51837
51995
51774
51990
51861
51902
51972
51949
51785
51786
51864
51953
51930
51864
51623
51893
51670
51967
51828
51840
51954
51890
52077
52018
51879
52105
51676
51940
52000
51956
51972
52018
51969
51848
51949
51463
51937
51661
51871
51937
51831
51882
51967
51831
51838
51741
51963
51913
51837
51915
52002
51901
51768
51769
51838
51911
51830
52075
51762
52143
51992
52057
52070
51998
51964
51784
51988
52216
51836
51912
51933
51846
51767
51959
51883
51687
51879
51931
52092
51784
51951
51735
52135
51884
51745
52047
52122
52090
51923
51980
51781
52001
51878
51746
52053
51949
51930
51889
51870
51627
51930
52002
52037
52152
51919
51871
52106
51802
51936
52001
52098
51784
52035
52103
51933
51950
51753
51842
51769
51758
51896
51950
52013
52102
51815
52083
51948
51872
51842
51623
51925
51818
51831
51834
52001
51982
52056
51926
51831
51891
52045
51922
51968
51962
51700
51767
51749
52172
52184
51849
51961
51966
51912
51772
52074
52092
51804
52260
51912
51809
51831
51875
51902
51737
51887
52074
51967
51915
51860
51882
51867
51897
52110
52065
51917
51750
51763
51966
51906
52017
51824
51918
51881
51917
51933
51849
51993
52001
52017
51852
51937
51915
51797
52106
51865
51976
52037
51807
51899
51984
51920
51979
51705
51774
52198
52041
51776
51877
52008
51795
51810
51988
52011
51770
51738
51799
51820
51991
52119
52054
51851
52098
51920
51842
51839
52102
51766
51811
51974
51928
51834
52005
51983
51835
52002
51935
51965
51795
51990
51937
51963
52228
51858
51958
51770
51792
52124
51905
51971
51804
52179
51661
52173
51730
51784
51876
52118
51819
51898
51893
51617
51872
51926
51858
51862
51904
51956
51936
51956
51935
52041
51827
51638
52106
52047
52003
51932
51780
51739
52250
52099
51906
52042
51916
51981
51679
51701
52026
51867
51960
51689
51896
51791
51808
51920
51830
51878
52025
51837
51889
52094
51944
51896
52070
51923
52073
51786
51749
51964
51836
51949
51888
51817
51903
52031
51864
51956
52068
52046
51795
52127
51985
52054
51687
52122
52009
52186
51794
51951
52073
51901
52093
51800
51816
51884
51840
51971
51853
51711
51800
51715
51949
51864
51785
51795
51841
51850
51833
52020
51752
51773
52006
52068
52065
51814
52113
51929
52088
51786
52080
52308
51960
52138
52021
52011
51970
51820
51954
51915
51881
52075
52025
52026
52068
51851
52043
51817
51974
51883
51809
51761
51840
51914
51826
52027
52101
51921
52239
52004
52032
51950
51912
52012
52038
51879
52017
52069
51974
51751
51950
51868
51971
52005
52115
51865
51897
51799
51873
51876
51953
51785
51955
51910
51735
52099
51702
51877
52034
51673
52262
51990
52185
51805
51645
51868
51974
52202
51967
51649
52035
52066
52001
51656
51935
51796
52015
51799
51842
51884
52070
51935
51996
51916
52015
52055
51952
51802
52006
51818
51718
51904
51889
51947
52089
51906
52072
51719
52041
51773
52054
52058
51797
51997
51893
51963
51909
51927
51806
51871
51719
51864
51803
51864
51878
51841
51824
51850
51827
51951
51991
52038
51828
51983
51891
51855
51702
52069
52129
51744
51956
52041
51998
51842
52095
52256
52311
51857
51938
51692
51826
51832
52047
51895
51816
51871
52142
52008
51792
51882
51973
51851
51945
51808
51656
51935
51913
52002
52060
51700
52000
51995
51858
51853
51845
51937
52008
51930
51823
52074
51925
51899
52063
51888
52030
51896
52026
51727
51847
51965
51814
51964
52276
51996
52094
51977
51904
51974
51903
51902
51964
51912
51968
52080
51975
51829
52197
51924
51836
51844
51758
51922
52108
51885
52047
52010
51786
51908
52072
51958
51999
51834
51918
51675
51849
52009
52009
51903
51946
51799
51897
51991
51816
52277
52104
51763
51995
52048
51987
51830
51865
52083
51921
51883
52008
51811
51719
51969
51803
51974
51737
51832
51871
51909
52017
51713
51861
52067
51806
51893
51864
51985
51846
52042
51887
52048
51907
51778
51668
51910
51765
52046
52036
52249
51839
52099
51926
51710
51863
52049
51785
52056
51994
51769
52028
52155
51815
51564
51978
51902
52138
51857
52153
51935
51907
51987
52212
52019
51984
51881
51932
51955
51836
51898
51742
51795
52036
51838
52027
51894
52101
51642
51876
52029
52072
52198
51825
51922
51649
51983
51873
51873
52053
51976
51990
52064
51905
52288
52050
51917
51864
52012
51893
51884
51902
51872
51746
51842
52002
52049
51908
51784
51795
52057
51909
52050
51908
51895
51651
51840
51902
51759
52000
51886
51897
51714
51984
51800
51863
51796
51886
51874
51979
51903
51930
57867
58135
58227
58149
58377
58364
58173
58085
58118
57855
57999
58004
57833
58105
58143
57978
58152
57806
58010
58329
58128
57900
57959
58194
58071
58023
58129
58050
58326
58061
58041
58239
57979
58096
58064
58160
58085
58145
58041
58202
58197
58111
57980
58277
58033
58324
57913
58007
58087
58185
57921
58326
57881
57757
57835
57931
58129
58244
58057
57790
57984
58310
58229
57923
58224
58013
58018
57964
58170
58023
58025
58225
58087
57844
57994
58167
58104
57935
58209
58231
58245
58056
58097
58080
57913
58109
58000
58132
57817
58022
57955
58024
57726
58012
57926
57894
57863
58069
57937
58139
57838
58140
58146
58161
58329
58063
57985
58021
57891
58166
58073
58367
57941
58146
57940
57950
58184
58246
58070
57957
58191
58062
57845
58138
58016
58120
58134
58026
57682
58011
58218
57982
58126
58157
58076
58143
58082
58003
57966
57914
57976
58049
58147
58068
57803
57951
58302
57791
58112
58032
58119
58254
57951
58014
58007
58244
58119
58135
58180
57871
57735
58025
58214
57982
57994
58105
57854
58165
57873
57901
57947
58131
58058
58203
58100
57942
58096
58092
58145
58059
58246
58165
57915
58098
58169
58006
58156
58131
58092
57910
57952
57966
58057
58113
58208
58119
58227
57919
58194
57878
57980
58187
58206
58005
58107
58140
58067
58182
58024
57910
58025
58012
58114
58004
57999
57854
57970
58167
58136
58229
57966
58215
58272
58004
57739
58305
57909
58255
57924
58137
58091
58033
58254
58099
58160
58247
57689
58037
58127
58145
57995
58048
58200
57947
57716
57945
57959
57812
58147
57981
58063
58002
58197
58144
58103
58181
58281
58244
58100
58146
58324
57940
58001
58132
58265
57936
58175
58157
58217
57805
58079
58113
57995
58140
58029
57856
57864
58157
58136
58252
57958
58287
57899
57986
57756
58230
58012
58268
58103
57892
58102
57949
58021
57995
57967
58148
57859
58089
57998
57993
58128
58298
58124
58297
57972
58503
57992
58139
57875
58104
58202
58020
58124
58240
58069
58038
58455
58025
58300
58095
57867
58161
58128
57880
57959
57929
57840
57997
58058
58016
58107
58052
58072
58101
57756
58208
58132
58080
58089
58346
58118
58228
58047
57962
57899
57950
57937
58239
57921
58209
58275
57997
58157
57889
58426
58092
58035
58073
58194
57933
58236
58181
58263
58371
58003
58341
58062
57929
58113
58089
58159
58032
58089
58189
58053
58128
58124
58109
58160
57836
58065
57844
58065
57980
57871
58255
58004
58113
57871
58334
58271
58012
58216
57972
57807
58299
58062
57966
57747
57838
57702
58171
58261
58240
58319
58198
58118
58234
58012
58240
58034
58104
58055
57947
58032
57846
57990
57920
58029
57989
57856
58084
58273
57959
57960
58026
58263
58105
57991
58317
58139
57785
58027
58142
57723
58012
58249
58130
58160
57779
57739
58017
58039
58101
58272
58000
58245
57807
57884
58110
58115
58393
58073
58005
58236
58145
58253
58033
58106
58300
58177
57945
58045
58309
58138
58298
57983
58168
57997
58126
58172
58160
58312
58089
57983
58159
58064
58109
57909
58116
58035
57947
57928
58045
58221
58089
58056
57825
58263
57934
58090
58199
58119
57863
57944
57894
57773
58089
58260
57952
58064
58218
58526
57954
58113
58084
57857
58057
57965
58022
58126
58101
57897
58148
58005
57799
57971
58091
58025
58233
58013
57808
58339
58252
57914
58163
58080
58125
57926
58194
57892
57658
58283
58045
58344
58035
58063
58098
58044
58188
58057
57901
58200
58097
57912
58066
58198
58000
57949
57967
58136
58029
57959
58063
58136
58215
58209
58159
58311
58263
58008
58096
57936
58182
57906
58042
57913
58160
58300
58238
57894
57871
58176
57835
58139
57986
58079
58123
58150
58190
58124
58284
58174
58231
58004
58393
57981
57865
58239
58134
58394
57995
57996
58257
58034
58161
58237
58048
58216
58123
58180
58117
57742
58023
57954
57850
57846
58075
58094
58017
57738
58072
58074
57938
57975
57912
58142
57860
58009
57951
58030
57865
58079
57886
57973
58227
58032
57979
58005
58519
57732
57846
58223
57981
58077
58139
58093
58389
58009
57945
58092
58152
58142
58030
57881
58040
57907
58234
58088
58180
57948
58111
58031
58228
58036
58241
57997
58007
58214
58007
58069
58263
58111
58105
58196
58142
57868
57877
58019
57896
57988
57919
58091
58129
57910
58095
57893
58149
58155
57954
58147
58109
58238
58003
58106
57889
58194
58088
58141
57980
57834
58148
58051
58125
58161
58090
58040
58051
58228
57915
57977
58307
58063
58277
58112
57991
58055
58080
58120
58034
58282
58010
57996
58111
57895
58056
58185
57822
57880
58140
58193
58132
58151
58060
58108
57951
58225
58037
58129
58177
58130
58066
58341
58014
57894
57967
58204
57929
58033
58050
57801
58080
58243
58121
58063
58237
57850
58146
57977
58121
58006
58195
58010
58231
58098
58169
57907
58189
58184
58074
58347
58106
57921
58122
58157
58104
58084
58177
58112
58179
58116
57958
58043
57952
58298
58055
58083
58165
58033
57985
58403
58011
58055
57949
57937
58176
57979
57825
57950
58123
58150
58180
58054
58015
57964
58265
58097
57781
58139
58228
57819
58069
58155
57914
57998
58005
58096
57920
57824
58084
57884
57840
57966
58162
57966
58061
58057
58268
57935
57838
58060
57917
58250
57951
58207
58147
58006
58054
57770
58004
58126
58135
58190
58000
57892
58201
57964
58191
58185
57934
57970
58095
58290
58049
58075
57953
57893
58187
58027
57862
57887
57914
57886
57955
57918
57983
57954
58076
58348
58170
58165
58095
58290
58053
58076
57912
57876
58235
58129
58127
57930
58122
58072
58039
58106
58199
58152
57999
57831
58168
58196
57799
58089
58315
58179
58104
57935
57839
58045
57986
58176
57870
58199
57866
58211
58215
57983
58148
58323
58152
57821
58228
58157
58063
57994
57879
58001
58263
58008
57981
58271
57982
58026
58153
58068
58093
58098
58028
57926
58030
57914
58182
57984
58093
57980
58020
58270
58048
57829
58152
58028
58254
58141
58284
58017
57881
58150
58198
57997
58044
58425
58101
58046
58321
58168
57820
58057
58134
58414
58038
58020
58049
58078
58047
57911
58023
58145
58063
58093
58111
58062
57655
58174
57915
57812
58218
57856
58046
57839
58193
58328
57830
58076
58134
57946
58147
58132
57899
58317
58190
58145
57885
58246
58149
58087
57823
57713
58056
58026
58004
58115
58117
58179
58165
57979
58245
58230
57990
58016
58130
